7530-303058
OS REV: 1.08 Sensor Cal: 1706256000 Averages: 30
Time (sec),  Bat (Volts),   T (deg C),  PAR (umol/(s m^2))  Ax (mg), Ay (mg), Az (mg)
1718175540, +3.53, +23.027,   +15.9,  +999.0,   +57.0,  +380.0
1718176140, +3.53, +23.052,   +15.4,  +996.0,   +60.0,  +384.0
1718176740, +3.53, +23.119,   +17.7, +1080.0,   +88.0,  +316.0
1718177340, +3.53, +23.211,   +16.7, +1096.0,   +96.0,  +280.0
1718177940, +3.53, +23.027,   +17.4, +1004.0,   +64.0,  +384.0
1718178540, +3.53, +22.894,   +18.2, +1139.0,   +76.0,  +184.0
1718179140, +3.53, +22.835,   +19.2, +1068.0,   +80.0,  +342.0
1718179740, +3.53, +22.785,   +20.5, +1031.0,   +71.0,  +384.0
1718180340, +3.53, +22.919,   +21.3, +1139.0,   +80.0,  +184.0
1718180940, +3.53, +23.153,   +21.5, +1081.0,   +96.0,  +307.0
1718181540, +3.53, +23.312,   +20.8, +1049.0,   +78.0,  +360.0
1718182140, +3.53, +23.370,   +21.3, +1004.0,   +64.0,  +384.0
1718182740, +3.53, +23.403,   +21.3, +1028.0,   +71.0,  +380.0
1718183340, +3.53, +23.445,   +22.6, +1024.0,   +68.0,  +384.0
1718183940, +3.53, +23.470,   +24.0, +1000.0,   +63.0,  +375.0
1718184540, +3.53, +23.462,   +25.9, +1036.0,   +68.0,  +376.0
1718185140, +3.53, +23.462,   +24.8, +1008.0,   +62.0,  +380.0
1718185740, +3.53, +23.470,   +24.9, +1006.0,   +62.0,  +380.0
1718186340, +3.53, +23.470,   +24.6, +1008.0,   +64.0,  +384.0
1718186940, +3.53, +23.479,   +24.9, +1000.0,   +62.0,  +380.0
1718187540, +3.53, +23.470,   +24.9, +1008.0,   +62.0,  +380.0
1718188140, +3.53, +23.454,   +24.3, +1068.0,   +80.0,  +342.0
1718188740, +3.53, +23.445,   +23.7, +1055.0,   +72.0,  +355.0
1718189340, +3.53, +23.395,   +24.3, +1031.0,   +67.0,  +380.0
1718189940, +3.53, +23.437,   +23.9, +1089.0,   +96.0,  +284.0
1718190540, +3.53, +23.445,   +23.0, +1004.0,   +56.0,  +376.0
1718191140, +3.53, +23.144,   +21.5, +1103.0,  +102.0,  +252.0
1718191740, +3.53, +23.286,   +20.4, +1086.0,   +92.0,  +296.0
1718192340, +3.53, +23.387,   +19.3, +1041.0,   +70.0,  +371.0
1718192940, +3.53, +23.378,   +18.4, +1057.0,   +78.0,  +348.0
1718193540, +3.53, +23.253,   +19.3, +1116.0,  +104.0,  +210.0
1718194140, +3.53, +23.195,   +16.2, +1095.0,   +96.0,  +268.0
1718194740, +3.53, +23.161,   +17.4, +1084.0,   +88.0,  +296.0
1718195340, +3.53, +23.337,   +16.9, +1095.0,   +96.0,  +270.0
1718195940, +3.53, +23.378,   +16.6, +1095.0,   +96.0,  +272.0
1718196540, +3.53, +23.362,   +17.2, +1032.0,   +70.0,  +376.0
1718197140, +3.53, +23.395,   +15.5, +1038.0,   +68.0,  +371.0
1718197740, +3.53, +23.387,   +13.8, +1032.0,   +70.0,  +372.0
1718198340, +3.53, +23.420,   +14.1, +1008.0,   +60.0,  +376.0
1718198940, +3.53, +23.437,   +13.3, +1008.0,   +63.0,  +371.0
1718199540, +3.53, +23.395,   +12.0, +1040.0,   +70.0,  +368.0
1718200140, +3.53, +23.320,   +10.9, +1087.0,   +88.0,  +291.0
1718200740, +3.53, +23.245,    +8.2, +1108.0,  +102.0,  +224.0
1718201340, +3.53, +23.211,    +9.6, +1080.0,   +83.0,  +304.0
1718201940, +3.53, +23.169,    +6.6, +1084.0,   +88.0,  +300.0
1718202540, +3.53, +23.086,    +6.5, +1004.0,   +56.0,  +374.0
1718203140, +3.53, +23.094,    +6.8, +1091.0,   +96.0,  +272.0
1718203740, +3.53, +23.136,    +6.1, +1004.0,   +64.0,  +369.0
1718204340, +3.53, +23.027,    +5.2, +1128.0,   +96.0,  +176.0
1718204940, +3.53, +23.044,    +2.8, +1063.0,   +83.0,  +332.0
1718205540, +3.53, +23.027,    +3.5, +1015.0,   +60.0,  +371.0
1718206140, +3.53, +23.036,    +2.9, +1136.0,   +88.0,  +176.0
1718206740, +3.53, +23.019,    +2.5, +1112.0,  +102.0,  +214.0
1718207340, +3.53, +23.036,    +2.1, +1128.0,   +96.0,  +184.0
1718207940, +3.53, +23.036,    +1.5,  +999.0,   +63.0,  +368.0
1718208540, +3.53, +23.078,    +1.0, +1096.0,   +96.0,  +270.0
1718209140, +3.53, +23.103,    +0.9, +1120.0,  +104.0,  +200.0
1718209740, +3.53, +23.061,    +0.5, +1108.0,  +104.0,  +232.0
1718210340, +3.53, +23.119,    +0.3, +1132.0,   +96.0,  +184.0
1718210940, +3.53, +23.111,    +0.2, +1126.0,   +99.0,  +194.0
1718211540, +3.53, +23.044,    +0.0, +1132.0,   +88.0,  +184.0
1718212140, +3.53, +22.994,    -0.0, +1107.0,   +96.0,  +236.0
1718212740, +3.53, +22.869,    +0.0, +1000.0,   +56.0,  +376.0
1718213340, +3.53, +22.818,    -0.1, +1008.0,   +56.0,  +384.0
1718213940, +3.53, +22.760,    -0.0, +1006.0,   +56.0,  +380.0
1718214540, +3.53, +22.701,    +0.0, +1096.0,  +100.0,  +272.0
1718215140, +3.53, +22.693,    +0.0, +1016.0,   +64.0,  +385.0
1718215740, +3.53, +22.668,    -0.1, +1062.0,   +78.0,  +348.0
1718216340, +3.53, +22.651,    -0.0, +1059.0,   +78.0,  +352.0
1718216940, +3.53, +22.651,    -0.1, +1030.0,   +68.0,  +380.0
1718217540, +3.53, +22.651,    -0.1, +1033.0,   +70.0,  +380.0
1718218140, +3.53, +22.659,    -0.1, +1100.0,   +97.0,  +259.0
1718218740, +3.53, +22.668,    -0.1, +1031.0,   +70.0,  +376.0
1718219340, +3.53, +22.668,    -0.1, +1048.0,   +76.0,  +368.0
1718219940, +3.53, +22.659,    +0.1, +1080.0,   +88.0,  +318.0
1718220540, +3.53, +22.676,    -0.1, +1072.0,   +88.0,  +327.0
1718221140, +3.53, +22.701,    +0.0, +1031.0,   +70.0,  +380.0
1718221740, +3.53, +22.676,    +0.1, +1016.0,   +62.0,  +384.0
1718222340, +3.53, +22.693,    -0.1, +1006.0,   +62.0,  +380.0
1718222940, +3.53, +22.701,    +0.1, +1016.0,   +64.0,  +384.0
1718223540, +3.53, +22.701,    -0.0, +1006.0,   +64.0,  +384.0
1718224140, +3.53, +22.718,    +0.0, +1102.0,   +99.0,  +262.0
1718224740, +3.53, +22.735,    -0.0, +1004.0,   +64.0,  +376.0
1718225340, +3.53, +22.743,    -0.0, +1088.0,   +96.0,  +288.0
1718225940, +3.53, +22.718,    -0.0, +1096.0,   +99.0,  +276.0
1718226540, +3.53, +22.735,    -0.1, +1006.0,   +62.0,  +384.0
1718227140, +3.53, +22.793,    +0.0, +1004.0,   +64.0,  +384.0
1718227740, +3.53, +22.768,    +0.1, +1001.0,   +60.0,  +377.0
1718228340, +3.53, +22.735,    -0.0, +1000.0,   +63.0,  +384.0
1718228940, +3.53, +22.751,    -0.0, +1079.0,   +88.0,  +320.0
1718229540, +3.53, +22.726,    -0.0, +1008.0,   +62.0,  +384.0
1718230140, +3.53, +22.701,    -0.1, +1008.0,   +64.0,  +387.0
1718230740, +3.53, +22.701,    -0.0, +1008.0,   +64.0,  +390.0
1718231340, +3.53, +22.693,    -0.0, +1027.0,   +70.0,  +384.0
1718231940, +3.53, +22.685,    +0.0, +1004.0,   +62.0,  +384.0
1718232540, +3.53, +22.685,    -0.0, +1031.0,   +70.0,  +385.0
1718233140, +3.53, +22.685,    +0.0, +1036.0,   +72.0,  +380.0
1718233740, +3.53, +22.676,    -0.1, +1038.0,   +72.0,  +376.0
1718234340, +3.53, +22.676,    -0.1, +1025.0,   +70.0,  +386.0
1718234940, +3.53, +22.668,    -0.0, +1044.0,   +76.0,  +368.0
1718235540, +3.53, +22.676,    -0.1, +1100.0,  +104.0,  +262.0
1718236140, +3.53, +22.668,    -0.1, +1080.0,   +88.0,  +310.0
1718236740, +3.53, +22.668,    -0.1, +1073.0,   +92.0,  +320.0
1718237340, +3.53, +22.685,    -0.1, +1048.0,   +78.0,  +364.0
1718237940, +3.53, +22.693,    -0.0, +1007.0,   +62.0,  +384.0
1718238540, +3.53, +22.701,    -0.0, +1080.0,   +88.0,  +312.0
1718239140, +3.53, +22.710,    -0.2, +1007.0,   +62.0,  +384.0
1718239740, +3.53, +22.710,    -0.0, +1100.0,  +100.0,  +264.0
1718240340, +3.53, +22.718,    -0.1, +1004.0,   +60.0,  +384.0
1718240940, +3.53, +22.701,    +0.0, +1004.0,   +62.0,  +380.0
1718241540, +3.53, +22.701,    -0.0, +1009.0,   +64.0,  +385.0
1718242140, +3.53, +22.668,    -0.0, +1063.0,   +83.0,  +352.0
1718242740, +3.53, +22.685,    -0.0, +1073.0,   +88.0,  +328.0
1718243340, +3.53, +22.668,    -0.1, +1017.0,   +70.0,  +384.0
1718243940, +3.53, +22.676,    -0.1, +1039.0,   +76.0,  +376.0
1718244540, +3.53, +22.676,    +0.0, +1100.0,  +103.0,  +262.0
1718245140, +3.53, +22.710,    +0.0, +1068.0,   +88.0,  +339.0
1718245740, +3.53, +22.760,    +0.0, +1068.0,   +86.0,  +339.0
1718246340, +3.53, +22.760,    +0.1,  +999.0,   +64.0,  +376.0
1718246940, +3.53, +22.793,    +0.3, +1001.0,   +64.0,  +384.0
1718247540, +3.53, +22.802,    +0.4,  +999.0,   +64.0,  +380.0
1718248140, +3.53, +22.818,    +0.8, +1000.0,   +64.0,  +384.0
1718248740, +3.53, +22.877,    +1.0, +1007.0,   +62.0,  +380.0
1718249340, +3.53, +22.910,    +1.6, +1080.0,   +92.0,  +307.0
1718249940, +3.53, +22.944,    +1.9, +1136.0,   +81.0,  +188.0
1718250540, +3.53, +22.935,    +2.0,  +999.0,   +62.0,  +377.0
1718251140, +3.53, +22.961,    +2.8, +1016.0,   +64.0,  +384.0
1718251740, +3.53, +22.952,    +3.5, +1134.0,   +88.0,  +192.0
1718252340, +3.53, +22.961,    +3.8, +1129.0,   +96.0,  +188.0
1718252940, +3.53, +22.961,    +4.2, +1004.0,   +62.0,  +384.0
1718253540, +3.53, +22.952,    +4.1, +1116.0,  +103.0,  +214.0
1718254140, +3.53, +22.969,    +6.3, +1094.0,   +96.0,  +280.0
1718254740, +3.53, +22.969,    +6.5, +1136.0,   +84.0,  +188.0
1718255340, +3.53, +22.977,    +5.1, +1142.0,   +72.0,  +192.0
1718255940, +3.53, +22.977,    +6.0, +1095.0,   +97.0,  +272.0
1718256540, +3.53, +22.986,    +5.2, +1118.0,  +108.0,  +211.0
1718257140, +3.53, +22.986,    +6.6, +1116.0,  +108.0,  +216.0
1718257740, +3.53, +23.002,    +6.8, +1112.0,  +104.0,  +227.0
1718258340, +3.53, +22.994,   +10.1, +1136.0,   +88.0,  +188.0
1718258940, +3.53, +22.986,    +9.2, +1004.0,   +62.0,  +384.0
1718259540, +3.53, +22.994,   +10.0, +1110.0,  +108.0,  +236.0
1718260140, +3.53, +22.994,   +10.4, +1136.0,   +92.0,  +192.0
1718260740, +3.53, +22.977,   +11.2, +1020.0,   +64.0,  +384.0
1718261340, +3.53, +22.961,   +11.8, +1120.0,  +108.0,  +206.0
1718261940, +3.53, +22.952,   +12.7, +1127.0,  +100.0,  +192.0
