7530-303058
OS REV: 1.08 Sensor Cal: 1706256000 Averages: 30
Time (sec),  Bat (Volts),   T (deg C),  PAR (umol/(s m^2))  Ax (mg), Ay (mg), Az (mg)
1733487540, +3.49, +21.822,    +0.2, +1001.0,   +56.0,  +432.0
1733488140, +3.49, +21.814,    +0.3, +1001.0,   +54.0,  +430.0
1733488740, +3.49, +21.822,    +0.1, +1001.0,   +64.0,  +430.0
1733489340, +3.49, +21.831,    +0.1, +1080.0,   +83.0,  +368.0
1733489940, +3.49, +21.831,    +0.1, +1080.0,   +86.0,  +371.0
1733490540, +3.49, +21.831,    +0.1, +1080.0,   +83.0,  +374.0
1733491140, +3.49, +21.831,    +0.1, +1001.0,   +56.0,  +425.0
1733491740, +3.49, +21.822,    +0.1, +1000.0,   +63.0,  +423.0
1733492340, +3.50, +21.822,    +0.1, +1080.0,   +88.0,  +376.0
1733492940, +3.50, +21.822,    +0.1, +1001.0,   +60.0,  +424.0
1733493540, +3.49, +21.831,    -0.0, +1001.0,   +54.0,  +430.0
1733494140, +3.50, +21.822,    -0.0, +1004.0,   +51.0,  +428.0
1733494740, +3.49, +21.806,    -0.0, +1001.0,   +55.0,  +430.0
1733495340, +3.49, +21.822,    -0.0, +1080.0,   +80.0,  +376.0
1733495940, +3.49, +21.814,    +0.0, +1000.0,   +51.0,  +428.0
1733496540, +3.49, +21.814,    -0.1, +1075.0,   +88.0,  +376.0
1733497140, +3.49, +21.814,    -0.0, +1001.0,   +56.0,  +432.0
1733497740, +3.50, +21.814,    -0.1, +1153.0,   +61.0,  +255.0
1733498340, +3.49, +21.814,    +0.1, +1080.0,   +92.0,  +372.0
1733498940, +3.49, +21.822,    -0.0, +1000.0,   +67.0,  +424.0
1733499540, +3.49, +21.814,    +0.1, +1084.0,   +71.0,  +364.0
1733500140, +3.49, +21.806,    -0.0, +1081.0,   +78.0,  +360.0
1733500740, +3.50, +21.806,    +0.0,  +999.0,   +71.0,  +430.0
1733501340, +3.50, +21.806,    -0.0, +1001.0,   +39.0,  +428.0
1733501940, +3.50, +21.822,    +0.0, +1001.0,   +72.0,  +424.0
1733502540, +3.50, +21.797,    +0.0, +1078.0,   +96.0,  +376.0
1733503140, +3.50, +21.806,    +0.0,  +999.0,   +79.0,  +432.0
1733503740, +3.50, +21.797,    +0.0, +1080.0,   +78.0,  +368.0
1733504340, +3.50, +21.797,    -0.0, +1001.0,   +54.0,  +422.0
1733504940, +3.50, +21.789,    +0.1, +1004.0,   +41.0,  +431.0
1733505540, +3.50, +21.789,    +0.0, +1084.0,   +84.0,  +366.0
1733506140, +3.50, +21.789,    -0.0, +1004.0,   +48.0,  +419.0
1733506740, +3.50, +21.789,    -0.1, +1150.0,   +57.0,  +247.0
1733507340, +3.50, +21.781,    -0.1, +1004.0,   +48.0,  +416.0
1733507940, +3.50, +21.789,    -0.1, +1000.0,   +54.0,  +423.0
1733508540, +3.50, +21.789,    +0.0, +1001.0,   +56.0,  +432.0
1733509140, +3.50, +21.797,    +0.0, +1144.0,   +75.0,  +255.0
1733509740, +3.50, +21.789,    +0.0, +1001.0,   +46.0,  +415.0
1733510340, +3.50, +21.797,    -0.0, +1000.0,   +60.0,  +432.0
1733510940, +3.50, +21.789,    -0.0, +1084.0,   +72.0,  +360.0
1733511540, +3.50, +21.789,    -0.0, +1000.0,   +57.0,  +423.0
1733512140, +3.50, +21.789,    +0.0, +1001.0,   +48.0,  +432.0
1733512740, +3.50, +21.772,    -0.1,  +999.0,   +72.0,  +433.0
1733513340, +3.50, +21.781,    -0.0, +1000.0,   +48.0,  +419.0
1733513940, +3.50, +21.781,    -0.1, +1001.0,   +51.0,  +428.0
1733514540, +3.49, +21.772,    +0.1, +1004.0,   +48.0,  +432.0
1733515140, +3.50, +21.781,    -0.1, +1004.0,   +51.0,  +432.0
1733515740, +3.50, +21.764,    -0.0, +1081.0,   +78.0,  +368.0
1733516340, +3.50, +21.781,    -0.0, +1086.0,   +72.0,  +355.0
1733516940, +3.50, +21.755,    -0.0, +1150.0,   +63.0,  +251.0
1733517540, +3.49, +21.772,    -0.0, +1148.0,   +63.0,  +255.0
1733518140, +3.50, +21.764,    +0.0, +1001.0,   +39.0,  +428.0
1733518740, +3.50, +21.755,    +0.0, +1004.0,   +44.0,  +419.0
1733519340, +3.50, +21.755,    -0.1, +1004.0,   +48.0,  +425.0
1733519940, +3.49, +21.772,    +0.1, +1001.0,   +48.0,  +423.0
1733520540, +3.50, +21.764,    +0.1, +1004.0,   +56.0,  +430.0
1733521140, +3.49, +21.755,    -0.1, +1004.0,   +46.0,  +419.0
1733521740, +3.50, +21.755,    -0.1, +1081.0,   +80.0,  +360.0
1733522340, +3.50, +21.730,    -0.1, +1001.0,   +56.0,  +425.0
1733522940, +3.50, +21.747,    -0.1, +1081.0,   +96.0,  +380.0
1733523540, +3.50, +21.747,    -0.1, +1004.0,   +49.0,  +424.0
1733524140, +3.50, +21.739,    -0.1, +1000.0,   +56.0,  +419.0
1733524740, +3.50, +21.739,    -0.0, +1148.0,   +55.0,  +255.0
1733525340, +3.50, +21.730,    -0.0, +1001.0,   +62.0,  +428.0
1733525940, +3.50, +21.739,    +0.0, +1148.0,   +63.0,  +255.0
1733526540, +3.50, +21.730,    +0.0,  +999.0,   +71.0,  +424.0
1733527140, +3.50, +21.705,    +0.1, +1001.0,   +56.0,  +423.0
1733527740, +3.50, +21.705,    -0.0, +1148.0,   +75.0,  +255.0
1733528340, +3.50, +21.705,    +0.1, +1001.0,   +51.0,  +433.0
1733528940, +3.50, +21.722,    -0.1,  +999.0,   +76.0,  +440.0
1733529540, +3.50, +21.713,    -0.0, +1003.0,   +49.0,  +430.0
1733530140, +3.50, +21.713,    +0.0, +1150.0,   +60.0,  +255.0
1733530740, +3.50, +21.713,    +0.1, +1004.0,   +51.0,  +424.0
1733531340, +3.50, +21.722,    -0.1, +1001.0,   +60.0,  +423.0
1733531940, +3.49, +21.713,    -0.1, +1001.0,   +64.0,  +423.0
1733532540, +3.50, +21.713,    -0.0, +1000.0,   +54.0,  +435.0
1733533140, +3.50, +21.705,    -0.0, +1004.0,   +44.0,  +432.0
1733533740, +3.49, +21.713,    -0.1,  +999.0,   +71.0,  +435.0
1733534340, +3.50, +21.688,    -0.0,  +999.0,   +63.0,  +430.0
1733534940, +3.50, +21.705,    -0.0,  +999.0,   +56.0,  +430.0
1733535540, +3.50, +21.705,    -0.0,  +999.0,   +65.0,  +419.0
1733536140, +3.50, +21.697,    -0.1, +1004.0,   +51.0,  +422.0
1733536740, +3.49, +21.697,    +0.0,  +999.0,   +86.0,  +444.0
1733537340, +3.50, +21.697,    +0.0, +1004.0,   +64.0,  +428.0
1733537940, +3.50, +21.688,    -0.1, +1004.0,   +65.0,  +432.0
1733538540, +3.50, +21.680,    -0.1, +1001.0,   +63.0,  +428.0
1733539140, +3.50, +21.688,    -0.0, +1001.0,   +64.0,  +428.0
1733539740, +3.49, +21.697,    -0.1, +1004.0,   +56.0,  +428.0
1733540340, +3.50, +21.688,    -0.0,  +999.0,   +78.0,  +432.0
1733540940, +3.49, +21.697,    +0.0, +1148.0,   +89.0,  +255.0
1733541540, +3.50, +21.697,    +0.0, +1004.0,   +62.0,  +432.0
1733542140, +3.49, +21.688,    -0.0, +1151.0,   +67.0,  +255.0
1733542740, +3.50, +21.688,    +0.0,  +999.0,   +80.0,  +432.0
1733543340, +3.49, +21.688,    +0.0, +1001.0,   +65.0,  +433.0
1733543940, +3.49, +21.688,    -0.0,  +999.0,   +86.0,  +444.0
1733544540, +3.49, +21.672,    -0.1, +1000.0,   +64.0,  +432.0
1733545140, +3.49, +21.663,    -0.0, +1000.0,   +54.0,  +428.0
1733545740, +3.50, +21.672,    -0.0,  +999.0,   +71.0,  +432.0
1733546340, +3.50, +21.680,    +0.0, +1151.0,   +78.0,  +251.0
1733546940, +3.50, +21.680,    -0.1,  +999.0,   +76.0,  +435.0
1733547540, +3.50, +21.688,    +0.1,  +999.0,   +64.0,  +428.0
1733548140, +3.50, +21.680,    +0.0,  +999.0,   +88.0,  +438.0
1733548740, +3.49, +21.680,    -0.0,  +998.0,   +96.0,  +428.0
1733549340, +3.50, +21.680,    +0.0, +1000.0,   +72.0,  +424.0
1733549940, +3.49, +21.688,    -0.0, +1078.0,  +100.0,  +372.0
1733550540, +3.50, +21.680,    +0.2,  +999.0,   +64.0,  +424.0
1733551140, +3.50, +21.680,    +0.1, +1000.0,   +63.0,  +435.0
1733551740, +3.50, +21.672,    +0.1,  +999.0,   +64.0,  +432.0
1733552340, +3.49, +21.672,    +0.1,  +999.0,   +86.0,  +432.0
1733552940, +3.50, +21.688,    +0.2,  +999.0,   +71.0,  +432.0
1733553540, +3.49, +21.672,    +0.2,  +999.0,   +71.0,  +438.0
1733554140, +3.49, +21.646,    +0.1,  +999.0,   +68.0,  +438.0
1733554740, +3.50, +21.638,    +0.3,  +999.0,   +76.0,  +444.0
1733555340, +3.50, +21.621,    +0.3,  +999.0,   +88.0,  +435.0
1733555940, +3.50, +21.613,    +0.3,  +999.0,   +88.0,  +440.0
1733556540, +3.50, +21.596,    +0.2,  +999.0,   +88.0,  +440.0
1733557140, +3.50, +21.588,    +0.1, +1001.0,   +78.0,  +441.0
1733557740, +3.49, +21.588,    +0.3,  +999.0,   +88.0,  +444.0
1733558340, +3.49, +21.571,    +0.3,  +999.0,   +83.0,  +438.0
1733558940, +3.49, +21.579,    +0.3,  +999.0,   +88.0,  +440.0
1733559540, +3.50, +21.571,    +0.2,  +999.0,   +88.0,  +444.0
1733560140, +3.50, +21.571,    +0.2,  +999.0,   +71.0,  +428.0
1733560740, +3.50, +21.571,    +0.4, +1000.0,   +76.0,  +433.0
1733561340, +3.50, +21.579,    +0.4,  +999.0,   +92.0,  +440.0
1733561940, +3.50, +21.563,    +0.4,  +999.0,   +88.0,  +435.0
1733562540, +3.49, +21.588,    +0.3,  +999.0,   +76.0,  +432.0
1733563140, +3.49, +21.596,    +0.4,  +999.0,   +89.0,  +439.0
1733563740, +3.50, +21.588,    +0.4,  +999.0,   +81.0,  +440.0
1733564340, +3.49, +21.605,    +0.5, +1000.0,   +72.0,  +432.0
1733564940, +3.50, +21.588,    +0.5,  +999.0,   +79.0,  +446.0
1733565540, +3.50, +21.588,    +0.5,  +999.0,   +88.0,  +440.0
1733566140, +3.50, +21.571,    +0.5,  +999.0,   +78.0,  +440.0
1733566740, +3.50, +21.579,    +0.4,  +999.0,   +92.0,  +446.0
1733567340, +3.50, +21.588,    +0.5,  +999.0,   +94.0,  +448.0
1733567940, +3.50, +21.588,    +0.4, +1000.0,   +78.0,  +440.0
1733568540, +3.49, +21.588,    +0.4,  +999.0,   +76.0,  +438.0
1733569140, +3.49, +21.588,    +0.4, +1000.0,   +72.0,  +435.0
1733569740, +3.49, +21.596,    +0.4, +1000.0,   +84.0,  +440.0
1733570340, +3.49, +21.605,    +0.4,  +999.0,   +88.0,  +436.0
1733570940, +3.50, +21.596,    +0.4,  +999.0,   +83.0,  +440.0
1733571540, +3.50, +21.605,    +0.3,  +998.0,   +83.0,  +444.0
1733572140, +3.50, +21.596,    +0.5,  +999.0,   +71.0,  +425.0
1733572740, +3.50, +21.630,    +0.2,  +999.0,   +76.0,  +432.0
1733573340, +3.50, +21.638,    +0.2,  +999.0,   +96.0,  +438.0
1733573940, +3.50, +21.655,    +0.3,  +995.0,  +110.0,  +451.0
