7530-303058
OS REV: 1.08 Sensor Cal: 1706256000 Averages: 30
Time (sec),  Bat (Volts),   T (deg C),  PAR (umol/(s m^2))  Ax (mg), Ay (mg), Az (mg)
1720524540, +3.54, +27.523,   +37.2, +1052.0,   +83.0,  +368.0
1720525140, +3.54, +27.523,   +35.6, +1048.0,   +84.0,  +368.0
1720525740, +3.54, +27.523,   +34.6, +1052.0,   +76.0,  +359.0
1720526340, +3.54, +27.532,   +31.7, +1049.0,   +76.0,  +360.0
1720526940, +3.54, +27.523,   +31.3, +1056.0,   +96.0,  +358.0
1720527540, +3.54, +27.490,   +30.7, +1052.0,   +78.0,  +358.0
1720528140, +3.54, +27.499,   +27.7, +1057.0,   +83.0,  +348.0
1720528740, +3.54, +27.474,   +24.5, +1052.0,   +92.0,  +364.0
1720529340, +3.54, +27.326,   +22.4, +1059.0,   +76.0,  +352.0
1720529940, +3.54, +27.400,   +19.2, +1057.0,   +78.0,  +359.0
1720530540, +3.54, +27.070,   +17.1, +1060.0,   +56.0,  +340.0
1720531140, +3.54, +26.979,   +15.8, +1063.0,   +78.0,  +352.0
1720531740, +3.54, +26.723,   +13.8, +1060.0,   +96.0,  +352.0
1720532340, +3.54, +26.648,   +13.3, +1064.0,   +70.0,  +339.0
1720532940, +3.54, +26.499,   +12.2, +1067.0,   +83.0,  +334.0
1720533540, +3.54, +26.408,   +11.5, +1072.0,   +68.0,  +328.0
1720534140, +3.54, +26.441,   +11.4, +1070.0,   +76.0,  +339.0
1720534740, +3.54, +26.367,   +10.3, +1068.0,   +81.0,  +337.0
1720535340, +3.54, +26.209,    +9.4, +1072.0,   +96.0,  +327.0
1720535940, +3.54, +26.027,    +8.3, +1072.0,   +70.0,  +326.0
1720536540, +3.54, +25.902,    +7.8, +1072.0,   +86.0,  +328.0
1720537140, +3.54, +25.836,    +8.0, +1073.0,   +68.0,  +323.0
1720537740, +3.54, +25.778,    +6.4,  +999.0,   +71.0,  +384.0
1720538340, +3.54, +25.769,    +5.1, +1076.0,   +71.0,  +324.0
1720538940, +3.54, +25.753,    +4.5, +1073.0,   +79.0,  +324.0
1720539540, +3.54, +25.803,    +4.1, +1072.0,   +96.0,  +328.0
1720540140, +3.54, +25.861,    +3.2, +1071.0,   +81.0,  +332.0
1720540740, +3.54, +25.869,    +2.3, +1073.0,   +92.0,  +324.0
1720541340, +3.54, +25.952,    +1.8, +1072.0,  +103.0,  +332.0
1720541940, +3.54, +25.927,    +1.6, +1072.0,  +104.0,  +336.0
1720542540, +3.54, +25.902,    +1.0, +1073.0,   +96.0,  +320.0
1720543140, +3.54, +25.935,    +0.7, +1075.0,  +104.0,  +327.0
1720543740, +3.54, +25.911,    +0.2, +1072.0,   +92.0,  +327.0
1720544340, +3.54, +25.886,    +0.0, +1072.0,   +88.0,  +320.0
1720544940, +3.54, +25.902,    +0.2, +1072.0,   +86.0,  +323.0
1720545540, +3.54, +25.927,    +0.0, +1072.0,   +83.0,  +328.0
1720546140, +3.54, +25.944,    +0.0, +1073.0,  +104.0,  +326.0
1720546740, +3.54, +25.944,    +0.1, +1075.0,   +86.0,  +320.0
1720547340, +3.54, +25.919,    -0.0, +1073.0,   +88.0,  +312.0
1720547940, +3.54, +25.919,    -0.0, +1072.0,   +84.0,  +328.0
1720548540, +3.54, +26.010,    +0.0, +1072.0,   +88.0,  +328.0
1720549140, +3.54, +26.110,    +0.1, +1072.0,   +83.0,  +336.0
1720549740, +3.54, +26.159,    -0.1, +1068.0,   +72.0,  +335.0
1720550340, +3.54, +26.168,    -0.0, +1064.0,   +99.0,  +344.0
1720550940, +3.54, +26.159,    +0.1, +1072.0,   +81.0,  +332.0
1720551540, +3.54, +26.176,    -0.1, +1072.0,   +89.0,  +328.0
1720552140, +3.54, +26.159,    -0.1, +1072.0,   +83.0,  +328.0
1720552740, +3.54, +26.118,    +0.1, +1072.0,   +88.0,  +332.0
1720553340, +3.54, +26.126,    -0.0, +1068.0,   +88.0,  +335.0
1720553940, +3.54, +26.151,    -0.1, +1072.0,  +100.0,  +328.0
1720554540, +3.54, +26.193,    -0.0, +1065.0,   +96.0,  +340.0
1720555140, +3.54, +26.242,    -0.0, +1070.0,   +80.0,  +344.0
1720555740, +3.54, +26.259,    +0.0, +1068.0,   +97.0,  +336.0
1720556340, +3.54, +26.242,    -0.1, +1068.0,   +83.0,  +336.0
1720556940, +3.54, +26.234,    +0.0, +1063.0,   +96.0,  +345.0
1720557540, +3.54, +26.267,    +0.0, +1065.0,   +88.0,  +352.0
1720558140, +3.54, +26.325,    +0.0, +1068.0,   +80.0,  +344.0
1720558740, +3.54, +26.358,    +0.0, +1068.0,   +80.0,  +339.0
1720559340, +3.54, +26.259,    -0.0, +1070.0,   +81.0,  +336.0
1720559940, +3.54, +26.151,    +0.1, +1072.0,   +81.0,  +323.0
1720560540, +3.54, +26.093,    +0.0, +1072.0,   +72.0,  +324.0
1720561140, +3.54, +26.052,    +0.0, +1072.0,   +88.0,  +326.0
1720561740, +3.54, +26.043,    -0.1, +1068.0,   +89.0,  +328.0
1720562340, +3.54, +26.060,    -0.0, +1068.0,   +88.0,  +328.0
1720562940, +3.54, +26.093,    +0.1, +1065.0,   +96.0,  +334.0
1720563540, +3.54, +26.118,    -0.1, +1070.0,   +81.0,  +328.0
1720564140, +3.54, +26.135,    +0.0, +1072.0,   +78.0,  +324.0
1720564740, +3.54, +26.118,    -0.0, +1075.0,   +99.0,  +312.0
1720565340, +3.54, +26.135,    +0.0, +1070.0,   +96.0,  +328.0
1720565940, +3.54, +26.151,    +0.0, +1068.0,  +103.0,  +339.0
1720566540, +3.54, +26.159,    +0.1, +1072.0,   +92.0,  +324.0
1720567140, +3.54, +26.168,    -0.0, +1072.0,   +97.0,  +327.0
1720567740, +3.54, +26.151,    +0.2, +1071.0,   +96.0,  +327.0
1720568340, +3.54, +26.151,    +0.1, +1072.0,   +88.0,  +327.0
1720568940, +3.54, +26.159,    +0.0, +1068.0,  +102.0,  +334.0
1720569540, +3.54, +26.168,    +0.1, +1068.0,   +92.0,  +336.0
1720570140, +3.54, +26.184,    +0.1, +1068.0,  +104.0,  +335.0
1720570740, +3.54, +26.201,    +0.1, +1072.0,   +96.0,  +334.0
1720571340, +3.54, +26.209,    +0.1, +1065.0,  +108.0,  +340.0
1720571940, +3.54, +26.217,    -0.0, +1072.0,   +99.0,  +334.0
1720572540, +3.54, +26.251,    -0.1, +1068.0,   +88.0,  +339.0
1720573140, +3.54, +26.251,    -0.0, +1064.0,   +88.0,  +337.0
1720573740, +3.54, +26.259,    -0.1, +1072.0,   +99.0,  +332.0
1720574340, +3.54, +26.284,    -0.1, +1064.0,  +108.0,  +332.0
1720574940, +3.54, +26.300,    -0.1, +1068.0,   +92.0,  +344.0
1720575540, +3.54, +26.317,    +0.0, +1068.0,   +88.0,  +339.0
1720576140, +3.54, +26.325,    +0.0, +1063.0,   +88.0,  +348.0
1720576740, +3.54, +26.358,    -0.1, +1063.0,  +103.0,  +339.0
1720577340, +3.54, +26.375,    -0.0, +1072.0,   +76.0,  +328.0
1720577940, +3.54, +26.400,    -0.1, +1065.0,   +80.0,  +340.0
1720578540, +3.54, +26.408,    +0.0, +1068.0,   +96.0,  +336.0
1720579140, +3.54, +26.425,    +0.0, +1072.0,  +100.0,  +340.0
1720579740, +3.54, +26.425,    +0.1, +1068.0,   +92.0,  +328.0
1720580340, +3.54, +26.416,    +0.5, +1068.0,   +96.0,  +336.0
1720580940, +3.54, +26.441,    +0.8, +1068.0,   +76.0,  +334.0
1720581540, +3.54, +26.433,    +1.4, +1072.0,   +70.0,  +328.0
1720582140, +3.54, +26.441,    +1.9, +1065.0,   +88.0,  +344.0
1720582740, +3.54, +26.433,    +2.1, +1065.0,   +76.0,  +344.0
1720583340, +3.54, +26.433,    +2.8, +1072.0,   +79.0,  +336.0
1720583940, +3.54, +26.449,    +3.6, +1068.0,   +64.0,  +339.0
1720584540, +3.54, +26.441,    +3.3, +1068.0,   +92.0,  +339.0
1720585140, +3.54, +26.449,    +5.0, +1072.0,   +76.0,  +339.0
1720585740, +3.54, +26.449,    +6.3, +1072.0,   +76.0,  +336.0
1720586340, +3.54, +26.441,    +6.8, +1070.0,   +67.0,  +339.0
1720586940, +3.54, +26.449,    +8.0, +1072.0,   +72.0,  +326.0
1720587540, +3.54, +26.458,    +8.5, +1068.0,   +88.0,  +344.0
1720588140, +3.54, +26.458,   +10.5, +1068.0,   +88.0,  +339.0
1720588740, +3.54, +26.466,   +10.6, +1064.0,   +88.0,  +348.0
1720589340, +3.54, +26.491,   +12.0, +1072.0,   +88.0,  +332.0
1720589940, +3.54, +26.516,   +13.3, +1072.0,   +96.0,  +336.0
1720590540, +3.54, +26.549,   +14.5, +1070.0,   +92.0,  +342.0
1720591140, +3.54, +26.582,   +15.6, +1068.0,   +96.0,  +336.0
1720591740, +3.54, +26.615,   +18.6, +1064.0,  +104.0,  +348.0
1720592340, +3.54, +26.632,   +21.2, +1063.0,   +99.0,  +352.0
1720592940, +3.54, +26.681,   +21.8, +1062.0,  +102.0,  +352.0
1720593540, +3.54, +26.706,   +24.6, +1059.0,  +103.0,  +348.0
1720594140, +3.54, +26.723,   +28.3, +1062.0,   +96.0,  +352.0
1720594740, +3.54, +26.731,   +29.3, +1056.0,  +104.0,  +359.0
1720595340, +3.54, +26.764,   +33.2, +1064.0,   +96.0,  +339.0
1720595940, +3.54, +26.789,   +36.4, +1063.0,  +100.0,  +353.0
1720596540, +3.54, +26.896,   +38.1, +1056.0,  +108.0,  +339.0
1720597140, +3.54, +27.086,   +39.4, +1059.0,  +112.0,  +344.0
1720597740, +3.54, +27.251,   +39.6, +1052.0,  +108.0,  +364.0
1720598340, +3.54, +27.334,   +41.0, +1048.0,   +99.0,  +364.0
1720598940, +3.54, +27.424,   +42.0, +1052.0,   +96.0,  +360.0
1720599540, +3.54, +27.474,   +45.0, +1048.0,   +96.0,  +360.0
1720600140, +3.54, +27.490,   +44.8, +1054.0,   +88.0,  +352.0
1720600740, +3.54, +27.490,   +45.0, +1054.0,   +81.0,  +360.0
1720601340, +3.54, +27.490,   +45.0, +1054.0,   +96.0,  +352.0
1720601940, +3.54, +27.482,   +46.6, +1048.0,   +92.0,  +352.0
1720602540, +3.54, +27.424,   +48.4, +1056.0,   +80.0,  +348.0
1720603140, +3.54, +27.408,   +48.1, +1056.0,   +83.0,  +339.0
1720603740, +3.54, +27.391,   +48.0, +1054.0,   +80.0,  +352.0
1720604340, +3.54, +27.383,   +48.8, +1054.0,   +78.0,  +344.0
1720604940, +3.54, +27.342,   +49.8, +1057.0,   +60.0,  +355.0
1720605540, +3.54, +27.243,   +50.9, +1057.0,   +81.0,  +359.0
1720606140, +3.54, +27.227,   +51.3, +1059.0,   +78.0,  +352.0
1720606740, +3.54, +27.243,   +51.5, +1059.0,   +70.0,  +358.0
1720607340, +3.54, +27.177,   +50.4, +1059.0,   +60.0,  +360.0
1720607940, +3.54, +27.111,   +48.8, +1059.0,   +86.0,  +352.0
1720608540, +3.54, +27.152,   +50.1, +1056.0,   +72.0,  +359.0
1720609140, +3.54, +27.194,   +48.9, +1059.0,   +80.0,  +356.0
1720609740, +3.54, +27.235,   +51.8, +1059.0,   +80.0,  +352.0
1720610340, +3.54, +27.268,   +48.0, +1060.0,   +80.0,  +344.0
1720610940, +3.54, +27.293,   +47.1, +1059.0,   +80.0,  +344.0
