7530-303058
OS REV: 1.08 Sensor Cal: 1706256000 Averages: 30
Time (sec),  Bat (Volts),   T (deg C),  PAR (umol/(s m^2))  Ax (mg), Ay (mg), Az (mg)
1720872540, +3.54, +27.169,   +80.0, +1054.0,   +70.0,  +368.0
1720873140, +3.54, +27.152,   +75.5, +1057.0,   +72.0,  +360.0
1720873740, +3.54, +27.103,   +75.2, +1057.0,   +70.0,  +360.0
1720874340, +3.54, +27.061,   +70.8, +1059.0,   +71.0,  +358.0
1720874940, +3.54, +27.037,   +65.9, +1056.0,   +72.0,  +360.0
1720875540, +3.54, +26.929,   +59.4, +1063.0,   +76.0,  +355.0
1720876140, +3.54, +26.549,   +55.1, +1065.0,   +72.0,  +348.0
1720876740, +3.54, +26.325,   +51.7, +1072.0,   +79.0,  +337.0
1720877340, +3.54, +26.135,   +46.9, +1073.0,   +80.0,  +336.0
1720877940, +3.54, +25.828,   +42.4, +1075.0,   +80.0,  +332.0
1720878540, +3.54, +25.703,   +39.9, +1073.0,   +80.0,  +336.0
1720879140, +3.54, +25.620,   +34.6, +1075.0,   +78.0,  +335.0
1720879740, +3.54, +25.545,   +33.5, +1076.0,   +78.0,  +340.0
1720880340, +3.54, +25.470,   +14.0, +1080.0,   +86.0,  +328.0
1720880940, +3.54, +25.221,   +21.0, +1080.0,   +86.0,  +332.0
1720881540, +3.54, +24.905,   +20.0,  +999.0,   +60.0,  +391.0
1720882140, +3.54, +24.821,   +16.9, +1001.0,   +60.0,  +393.0
1720882740, +3.54, +24.880,   +15.1, +1000.0,   +56.0,  +391.0
1720883340, +3.54, +24.963,   +12.4, +1000.0,   +60.0,  +387.0
1720883940, +3.54, +25.080,   +11.0, +1000.0,   +54.0,  +390.0
1720884540, +3.54, +25.213,    +8.9, +1080.0,   +83.0,  +323.0
1720885140, +3.54, +25.263,    +7.9, +1078.0,   +84.0,  +326.0
1720885740, +3.54, +25.279,    +6.8, +1001.0,   +56.0,  +384.0
1720886340, +3.54, +25.354,    +5.6, +1075.0,   +80.0,  +328.0
1720886940, +3.54, +25.421,    +4.4, +1073.0,   +84.0,  +328.0
1720887540, +3.54, +25.445,    +3.1, +1080.0,   +80.0,  +323.0
1720888140, +3.54, +25.421,    +2.0, +1080.0,   +80.0,  +327.0
1720888740, +3.54, +25.421,    +1.3, +1080.0,   +80.0,  +323.0
1720889340, +3.54, +25.429,    +0.6, +1080.0,   +81.0,  +323.0
1720889940, +3.54, +25.445,    +0.2, +1080.0,   +81.0,  +326.0
1720890540, +3.54, +25.470,    +0.0, +1079.0,   +80.0,  +324.0
1720891140, +3.54, +25.487,    -0.0, +1076.0,   +80.0,  +332.0
1720891740, +3.54, +25.504,    +0.0, +1076.0,   +84.0,  +326.0
1720892340, +3.54, +25.545,    -0.0, +1080.0,   +81.0,  +323.0
1720892940, +3.54, +25.537,    +0.1, +1076.0,   +80.0,  +326.0
1720893540, +3.54, +25.504,    +0.0, +1078.0,   +83.0,  +320.0
1720894140, +3.54, +25.553,    +0.1, +1076.0,   +79.0,  +329.0
1720894740, +3.54, +25.553,    +0.0, +1144.0,   +60.0,  +207.0
1720895340, +3.54, +25.529,    -0.1, +1078.0,   +80.0,  +327.0
1720895940, +3.54, +25.529,    +0.1, +1080.0,   +86.0,  +320.0
1720896540, +3.53, +25.545,    +0.1, +1075.0,   +78.0,  +332.0
1720897140, +3.53, +25.603,    +0.1, +1142.0,   +56.0,  +211.0
1720897740, +3.53, +25.628,    +0.0, +1073.0,   +83.0,  +332.0
1720898340, +3.53, +25.686,    +0.0, +1072.0,   +80.0,  +334.0
1720898940, +3.53, +25.778,    +0.0, +1078.0,   +80.0,  +326.0
1720899540, +3.53, +25.803,    -0.0, +1072.0,   +80.0,  +332.0
1720900140, +3.53, +25.828,    +0.0, +1073.0,   +80.0,  +329.0
1720900740, +3.53, +25.869,    -0.0, +1072.0,   +84.0,  +332.0
1720901340, +3.53, +25.886,    -0.1, +1072.0,   +80.0,  +335.0
1720901940, +3.53, +25.944,    +0.0, +1073.0,   +81.0,  +328.0
1720902540, +3.53, +25.969,    -0.1, +1072.0,   +88.0,  +332.0
1720903140, +3.53, +25.985,    -0.0, +1075.0,   +88.0,  +326.0
1720903740, +3.53, +25.994,    -0.1, +1073.0,   +79.0,  +332.0
1720904340, +3.53, +26.002,    +0.1, +1073.0,   +79.0,  +335.0
1720904940, +3.53, +26.010,    +0.0, +1072.0,   +80.0,  +335.0
1720905540, +3.53, +26.010,    +0.1, +1075.0,   +82.0,  +332.0
1720906140, +3.54, +26.018,    +0.0, +1070.0,   +80.0,  +336.0
1720906740, +3.53, +26.043,    -0.0, +1072.0,   +81.0,  +332.0
1720907340, +3.53, +26.060,    +0.0, +1072.0,   +88.0,  +328.0
1720907940, +3.53, +26.077,    +0.1, +1073.0,   +88.0,  +324.0
1720908540, +3.53, +26.101,    -0.0, +1072.0,   +88.0,  +332.0
1720909140, +3.54, +26.110,    +0.0, +1075.0,   +81.0,  +324.0
1720909740, +3.53, +26.126,    -0.1, +1068.0,   +88.0,  +332.0
1720910340, +3.53, +26.143,    -0.2, +1072.0,   +88.0,  +335.0
1720910940, +3.53, +26.135,    -0.1, +1068.0,   +83.0,  +332.0
1720911540, +3.53, +26.159,    -0.1, +1072.0,   +92.0,  +324.0
1720912140, +3.53, +26.184,    +0.0, +1065.0,   +83.0,  +336.0
1720912740, +3.53, +26.159,    +0.1, +1072.0,   +92.0,  +326.0
1720913340, +3.53, +26.159,    -0.1, +1068.0,   +92.0,  +327.0
1720913940, +3.54, +26.151,    +0.1, +1070.0,   +80.0,  +334.0
1720914540, +3.53, +26.126,    -0.0, +1068.0,   +80.0,  +336.0
1720915140, +3.53, +25.935,    -0.0, +1073.0,   +80.0,  +320.0
1720915740, +3.53, +25.753,    +0.0, +1072.0,   +80.0,  +326.0
1720916340, +3.54, +25.512,    -0.0, +1080.0,   +88.0,  +312.0
1720916940, +3.53, +25.421,    +0.0, +1079.0,   +83.0,  +308.0
1720917540, +3.53, +25.354,    -0.0, +1080.0,   +80.0,  +312.0
1720918140, +3.53, +25.304,    -0.1, +1078.0,   +84.0,  +320.0
1720918740, +3.53, +25.279,    -0.2, +1078.0,   +83.0,  +316.0
1720919340, +3.53, +25.279,    -0.1, +1075.0,   +88.0,  +320.0
1720919940, +3.53, +25.271,    +0.0, +1080.0,   +88.0,  +312.0
1720920540, +3.53, +25.271,    +0.0, +1078.0,   +88.0,  +316.0
1720921140, +3.53, +25.271,    -0.1, +1081.0,   +92.0,  +312.0
1720921740, +3.53, +25.263,    -0.0, +1080.0,   +88.0,  +312.0
1720922340, +3.53, +25.246,    +0.1, +1079.0,   +96.0,  +318.0
1720922940, +3.53, +25.221,    +0.0, +1084.0,   +88.0,  +310.0
1720923540, +3.53, +25.254,    -0.0, +1078.0,   +88.0,  +320.0
1720924140, +3.53, +25.263,    -0.0, +1080.0,   +88.0,  +316.0
1720924740, +3.53, +25.287,    -0.0, +1073.0,   +92.0,  +326.0
1720925340, +3.53, +25.304,    +0.3, +1080.0,   +88.0,  +308.0
1720925940, +3.53, +25.304,    +0.6, +1080.0,   +88.0,  +310.0
1720926540, +3.53, +25.321,    +1.0, +1080.0,   +96.0,  +312.0
1720927140, +3.53, +25.362,    +1.9, +1080.0,   +88.0,  +320.0
1720927740, +3.53, +25.379,    +2.7,  +999.0,   +67.0,  +375.0
1720928340, +3.53, +25.412,    +3.3, +1080.0,   +99.0,  +310.0
1720928940, +3.53, +25.421,    +3.6, +1080.0,   +92.0,  +310.0
1720929540, +3.53, +25.454,    +4.3, +1076.0,   +92.0,  +320.0
1720930140, +3.53, +25.504,    +4.2, +1080.0,   +96.0,  +312.0
1720930740, +3.53, +25.545,    +3.3, +1080.0,   +96.0,  +312.0
1720931340, +3.53, +25.578,    +5.3, +1073.0,   +88.0,  +323.0
1720931940, +3.53, +25.645,   +12.3, +1075.0,   +92.0,  +320.0
1720932540, +3.53, +25.686,   +11.1, +1144.0,   +81.0,  +207.0
1720933140, +3.53, +25.778,   +11.7, +1072.0,   +96.0,  +328.0
1720933740, +3.53, +25.811,   +13.2, +1072.0,   +88.0,  +328.0
1720934340, +3.53, +25.811,   +18.3, +1072.0,   +80.0,  +332.0
1720934940, +3.53, +25.794,    +9.3, +1076.0,   +96.0,  +319.0
1720935540, +3.53, +25.786,   +17.0, +1072.0,   +88.0,  +328.0
1720936140, +3.53, +25.794,    +7.0, +1076.0,   +96.0,  +326.0
1720936740, +3.53, +26.068,   +16.1, +1070.0,  +102.0,  +328.0
1720937340, +3.53, +26.358,   +12.9, +1065.0,   +88.0,  +342.0
1720937940, +3.53, +26.549,   +22.3, +1063.0,   +88.0,  +344.0
1720938540, +3.53, +26.516,    +8.3, +1068.0,   +80.0,  +339.0
1720939140, +3.53, +26.375,   +26.4, +1065.0,   +86.0,  +334.0
1720939740, +3.53, +26.325,   +28.5, +1065.0,   +88.0,  +339.0
1720940340, +3.53, +26.184,   +29.4, +1068.0,   +88.0,  +334.0
1720940940, +3.53, +26.052,   +10.4, +1072.0,   +84.0,  +326.0
1720941540, +3.53, +26.027,   +31.9, +1070.0,   +80.0,  +326.0
1720942140, +3.54, +25.994,   +33.7, +1072.0,   +88.0,  +324.0
1720942740, +3.53, +26.002,   +32.4, +1070.0,   +96.0,  +328.0
1720943340, +3.53, +26.002,   +33.7, +1072.0,   +96.0,  +320.0
1720943940, +3.53, +25.886,   +27.1, +1068.0,   +99.0,  +332.0
1720944540, +3.53, +25.977,   +24.7, +1068.0,   +96.0,  +324.0
1720945140, +3.53, +26.135,   +29.0, +1064.0,  +116.0,  +332.0
1720945740, +3.53, +26.168,   +28.4, +1064.0,  +103.0,  +335.0
1720946340, +3.53, +26.151,   +26.8, +1072.0,   +96.0,  +320.0
1720946940, +3.53, +26.193,   +27.8, +1068.0,   +96.0,  +326.0
1720947540, +3.53, +26.176,   +27.2, +1072.0,  +102.0,  +323.0
1720948140, +3.53, +26.242,   +27.4, +1070.0,   +99.0,  +318.0
1720948740, +3.53, +26.209,   +28.2, +1072.0,   +96.0,  +324.0
1720949340, +3.53, +26.217,   +29.5, +1063.0,  +103.0,  +332.0
1720949940, +3.53, +26.333,   +28.7, +1064.0,   +96.0,  +336.0
1720950540, +3.54, +26.466,   +27.5, +1070.0,   +88.0,  +320.0
1720951140, +3.54, +26.474,   +28.3, +1063.0,   +92.0,  +334.0
1720951740, +3.53, +26.383,   +27.5, +1068.0,   +88.0,  +326.0
1720952340, +3.54, +26.300,   +24.4, +1068.0,  +108.0,  +334.0
1720952940, +3.53, +26.342,    +7.4, +1065.0,  +104.0,  +336.0
1720953540, +3.54, +26.383,    +4.5, +1063.0,  +104.0,  +336.0
1720954140, +3.53, +26.383,   +27.1, +1064.0,   +96.0,  +332.0
1720954740, +3.54, +26.408,   +28.8, +1068.0,   +92.0,  +334.0
1720955340, +3.54, +26.441,   +28.0, +1064.0,   +96.0,  +332.0
1720955940, +3.54, +26.491,   +23.6, +1063.0,   +97.0,  +348.0
1720956540, +3.54, +26.549,   +25.4, +1063.0,   +96.0,  +339.0
1720957140, +3.54, +26.607,   +25.8, +1063.0,  +103.0,  +344.0
1720957740, +3.54, +26.598,   +25.4, +1064.0,   +96.0,  +339.0
1720958340, +3.54, +26.607,   +10.4, +1065.0,  +100.0,  +334.0
1720958940, +3.54, +26.656,   +10.0, +1063.0,   +96.0,  +344.0
