7530-303058
OS REV: 1.08 Sensor Cal: 1706256000 Averages: 30
Time (sec),  Bat (Volts),   T (deg C),  PAR (umol/(s m^2))  Ax (mg), Ay (mg), Az (mg)
1720959540, +3.54, +26.780,   +22.5, +1057.0,   +96.0,  +344.0
1720960140, +3.54, +26.863,    +8.9, +1059.0,   +96.0,  +352.0
1720960740, +3.54, +26.938,   +18.5, +1060.0,  +100.0,  +352.0
1720961340, +3.54, +27.061,   +19.8, +1055.0,   +92.0,  +348.0
1720961940, +3.54, +27.061,   +17.7, +1060.0,   +84.0,  +348.0
1720962540, +3.54, +26.921,   +15.3, +1059.0,   +86.0,  +352.0
1720963140, +3.54, +26.805,   +14.8, +1065.0,   +72.0,  +332.0
1720963740, +3.54, +26.847,   +13.6, +1063.0,   +82.0,  +332.0
1720964340, +3.54, +26.805,   +12.3, +1068.0,   +80.0,  +336.0
1720964940, +3.54, +26.731,   +11.3, +1064.0,   +84.0,  +344.0
1720965540, +3.54, +26.797,   +11.3, +1064.0,   +76.0,  +328.0
1720966140, +3.54, +26.847,    +5.4, +1062.0,   +80.0,  +344.0
1720966740, +3.54, +26.847,    +7.8, +1064.0,   +96.0,  +342.0
1720967340, +3.54, +26.830,    +5.2, +1063.0,   +83.0,  +339.0
1720967940, +3.54, +26.822,    +5.9, +1068.0,   +76.0,  +342.0
1720968540, +3.54, +26.805,    +5.8, +1063.0,   +83.0,  +342.0
1720969140, +3.54, +26.764,    +5.2, +1060.0,   +78.0,  +348.0
1720969740, +3.54, +26.731,    +2.5, +1063.0,   +78.0,  +344.0
1720970340, +3.54, +26.739,    +4.2, +1059.0,   +84.0,  +337.0
1720970940, +3.54, +26.723,    +2.3, +1063.0,   +76.0,  +348.0
1720971540, +3.54, +26.698,    +1.9, +1063.0,   +76.0,  +344.0
1720972140, +3.54, +26.673,    +1.4, +1065.0,   +71.0,  +348.0
1720972740, +3.54, +26.640,    +1.2, +1064.0,   +86.0,  +344.0
1720973340, +3.54, +26.632,    +0.9, +1068.0,   +86.0,  +344.0
1720973940, +3.54, +26.623,    +0.7, +1068.0,   +86.0,  +344.0
1720974540, +3.54, +26.607,    +0.2, +1068.0,   +79.0,  +344.0
1720975140, +3.54, +26.582,    +0.3, +1068.0,   +96.0,  +344.0
1720975740, +3.54, +26.565,    +0.0, +1063.0,   +78.0,  +344.0
1720976340, +3.54, +26.516,    -0.0, +1065.0,   +76.0,  +344.0
1720976940, +3.54, +26.483,    +0.0, +1065.0,   +83.0,  +344.0
1720977540, +3.54, +26.474,    -0.2, +1065.0,   +88.0,  +334.0
1720978140, +3.54, +26.491,    +0.1, +1064.0,   +96.0,  +339.0
1720978740, +3.54, +26.491,    +0.1, +1070.0,   +92.0,  +328.0
1720979340, +3.54, +26.507,    -0.1, +1060.0,   +96.0,  +344.0
1720979940, +3.54, +26.549,    +0.0, +1068.0,   +96.0,  +321.0
1720980540, +3.54, +26.632,    -0.1, +1062.0,  +100.0,  +342.0
1720981140, +3.54, +26.689,    +0.0, +1059.0,  +104.0,  +344.0
1720981740, +3.54, +26.739,    +0.1, +1059.0,  +110.0,  +328.0
1720982340, +3.54, +26.789,    -0.0, +1055.0,  +112.0,  +348.0
1720982940, +3.54, +26.838,    -0.0, +1056.0,  +124.0,  +348.0
1720983540, +3.54, +26.880,    +0.0, +1059.0,  +115.0,  +339.0
1720984140, +3.54, +26.929,    +0.0, +1056.0,  +128.0,  +344.0
1720984740, +3.54, +26.971,    -0.0, +1057.0,  +128.0,  +310.0
1720985340, +3.54, +27.004,    +0.0, +1052.0,  +136.0,  +339.0
1720985940, +3.54, +27.020,    +0.0, +1056.0,  +113.0,  +312.0
1720986540, +3.54, +27.020,    +0.0, +1052.0,  +145.0,  +342.0
1720987140, +3.54, +27.037,    +0.1, +1057.0,  +129.0,  +320.0
1720987740, +3.54, +27.061,    +0.1, +1048.0,  +168.0,  +364.0
1720988340, +3.54, +27.078,    -0.0, +1048.0,  +144.0,  +336.0
1720988940, +3.54, +27.094,    -0.0, +1052.0,  +128.0,  +348.0
1720989540, +3.54, +27.103,    -0.0, +1049.0,  +158.0,  +328.0
1720990140, +3.54, +27.128,    +0.1, +1055.0,  +152.0,  +323.0
1720990740, +3.54, +27.152,    -0.0, +1048.0,  +160.0,  +376.0
1720991340, +3.54, +27.177,    -0.0, +1044.0,  +177.0,  +376.0
1720991940, +3.54, +27.227,    -0.0, +1032.0,  +204.0,  +428.0
1720992540, +3.54, +27.268,    -0.0, +1043.0,  +184.0,  +320.0
1720993140, +3.54, +27.334,    -0.1, +1032.0,  +211.0,  +430.0
1720993740, +3.54, +27.400,    -0.1, +1043.0,  +152.0,  +352.0
1720994340, +3.54, +27.433,    -0.1, +1040.0,  +188.0,  +416.0
1720994940, +3.54, +27.457,    -0.0, +1120.0,  +172.0,  +224.0
1720995540, +3.54, +27.474,    -0.1, +1032.0,  +184.0,  +417.0
1720996140, +3.54, +27.474,    +0.0, +1039.0,  +128.0,  +385.0
1720996740, +3.54, +27.499,    -0.1, +1040.0,  +161.0,  +344.0
1720997340, +3.54, +27.490,    +0.1, +1040.0,  +184.0,  +408.0
1720997940, +3.54, +27.482,    -0.0, +1040.0,  +164.0,  +368.0
1720998540, +3.54, +27.482,    +0.1, +1038.0,  +160.0,  +400.0
1720999140, +3.54, +27.490,    -0.1, +1040.0,  +144.0,  +376.0
1720999740, +3.54, +27.490,    +0.0, +1041.0,  +168.0,  +372.0
1721000340, +3.54, +27.499,    -0.1, +1046.0,  +134.0,  +328.0
1721000940, +3.54, +27.482,    -0.0, +1038.0,  +177.0,  +393.0
1721001540, +3.54, +27.490,    -0.1, +1052.0,  +124.0,  +342.0
1721002140, +3.54, +27.499,    +0.1, +1049.0,  +120.0,  +360.0
1721002740, +3.54, +27.499,    -0.0, +1054.0,  +112.0,  +356.0
1721003340, +3.54, +27.400,    -0.0, +1057.0,   +88.0,  +344.0
1721003940, +3.54, +27.078,    -0.1, +1059.0,   +78.0,  +356.0
1721004540, +3.54, +26.888,    +0.1, +1063.0,   +70.0,  +336.0
1721005140, +3.54, +26.830,    +0.0, +1059.0,   +96.0,  +352.0
1721005740, +3.54, +26.830,    -0.1, +1056.0,   +79.0,  +352.0
1721006340, +3.54, +26.797,    -0.1, +1056.0,   +88.0,  +350.0
1721006940, +3.54, +26.797,    +0.0, +1064.0,   +96.0,  +348.0
1721007540, +3.54, +26.731,    +0.0, +1062.0,   +88.0,  +352.0
1721008140, +3.54, +26.607,    -0.1, +1064.0,   +76.0,  +344.0
1721008740, +3.54, +26.549,    -0.0, +1063.0,   +96.0,  +332.0
1721009340, +3.54, +26.541,    +0.1, +1063.0,   +76.0,  +339.0
1721009940, +3.54, +26.458,    -0.1, +1063.0,   +96.0,  +366.0
1721010540, +3.54, +26.350,    -0.1, +1063.0,  +104.0,  +359.0
1721011140, +3.54, +26.267,    +0.1, +1072.0,   +96.0,  +344.0
1721011740, +3.54, +26.151,    +0.0, +1070.0,   +88.0,  +339.0
1721012340, +3.54, +26.085,    +0.4, +1072.0,  +108.0,  +336.0
1721012940, +3.54, +26.217,    +0.8, +1070.0,  +112.0,  +336.0
1721013540, +3.54, +26.416,    +1.1, +1063.0,  +124.0,  +337.0
1721014140, +3.54, +26.507,    +1.6, +1063.0,  +102.0,  +348.0
1721014740, +3.54, +26.358,    +1.9, +1064.0,   +97.0,  +336.0
1721015340, +3.54, +26.226,    +2.9, +1068.0,   +99.0,  +326.0
1721015940, +3.54, +26.176,    +4.0, +1070.0,  +108.0,  +320.0
1721016540, +3.54, +26.193,    +4.4, +1064.0,  +124.0,  +323.0
1721017140, +3.54, +26.259,    +2.7, +1068.0,  +112.0,  +336.0
1721017740, +3.54, +26.251,    +4.5, +1064.0,  +108.0,  +328.0
1721018340, +3.54, +26.267,    +7.6, +1068.0,  +100.0,  +335.0
1721018940, +3.54, +26.234,    +9.0, +1068.0,  +108.0,  +344.0
1721019540, +3.54, +26.184,   +10.7, +1064.0,  +108.0,  +358.0
1721020140, +3.54, +26.126,   +11.0, +1070.0,   +88.0,  +328.0
1721020740, +3.54, +26.085,   +13.3, +1072.0,   +92.0,  +332.0
1721021340, +3.54, +26.159,   +14.7, +1070.0,   +97.0,  +334.0
1721021940, +3.54, +26.118,   +16.6, +1068.0,   +88.0,  +332.0
1721022540, +3.54, +25.994,    +7.0, +1072.0,   +92.0,  +342.0
1721023140, +3.54, +25.952,   +10.6, +1070.0,  +102.0,  +342.0
1721023740, +3.54, +25.935,   +19.9, +1073.0,  +112.0,  +328.0
1721024340, +3.54, +26.010,   +19.6, +1068.0,   +99.0,  +320.0
1721024940, +3.54, +25.960,   +19.8, +1068.0,   +92.0,  +332.0
1721025540, +3.54, +25.811,   +19.3, +1072.0,  +102.0,  +334.0
1721026140, +3.54, +25.653,   +21.0, +1072.0,   +92.0,  +316.0
1721026740, +3.54, +25.537,   +22.5, +1076.0,  +103.0,  +312.0
1721027340, +3.54, +25.587,   +23.4, +1072.0,   +99.0,  +328.0
1721027940, +3.54, +25.595,   +24.5, +1073.0,  +112.0,  +316.0
1721028540, +3.54, +25.653,   +24.1, +1072.0,  +112.0,  +326.0
1721029140, +3.54, +25.794,   +25.8, +1070.0,  +110.0,  +324.0
1721029740, +3.54, +25.861,   +25.8, +1072.0,  +112.0,  +326.0
1721030340, +3.54, +25.952,   +10.5, +1068.0,  +105.0,  +344.0
1721030940, +3.54, +26.002,   +28.8, +1068.0,  +112.0,  +340.0
1721031540, +3.54, +26.035,   +23.7, +1065.0,  +120.0,  +342.0
1721032140, +3.54, +26.002,   +27.6, +1065.0,  +115.0,  +336.0
1721032740, +3.54, +25.952,   +26.7, +1068.0,   +99.0,  +336.0
1721033340, +3.54, +25.994,   +25.9, +1068.0,   +96.0,  +344.0
1721033940, +3.54, +26.068,   +26.9, +1068.0,  +134.0,  +316.0
1721034540, +3.53, +26.275,   +26.0, +1062.0,  +134.0,  +320.0
1721035140, +3.54, +26.234,   +26.9, +1068.0,  +112.0,  +327.0
1721035740, +3.54, +26.176,   +26.9, +1060.0,  +145.0,  +327.0
1721036340, +3.53, +26.209,   +26.6, +1063.0,  +131.0,  +352.0
1721036940, +3.54, +26.234,   +25.0, +1068.0,  +135.0,  +334.0
1721037540, +3.54, +26.325,   +26.2, +1057.0,  +152.0,  +345.0
1721038140, +3.54, +26.408,   +21.7, +1059.0,  +131.0,  +358.0
1721038740, +3.54, +26.441,   +22.6, +1064.0,  +128.0,  +326.0
1721039340, +3.54, +26.466,   +11.5, +1056.0,  +152.0,  +371.0
1721039940, +3.54, +26.516,   +22.7, +1064.0,  +120.0,  +358.0
1721040540, +3.54, +26.590,   +22.1, +1059.0,  +158.0,  +313.0
1721041140, +3.54, +26.648,   +21.1, +1046.0,  +192.0,  +295.0
1721041740, +3.54, +26.673,   +21.0, +1054.0,  +150.0,  +321.0
1721042340, +3.54, +26.714,   +20.4, +1052.0,  +152.0,  +326.0
1721042940, +3.54, +26.789,   +19.9, +1062.0,  +121.0,  +344.0
1721043540, +3.54, +26.871,   +20.6, +1046.0,  +198.0,  +307.0
1721044140, +3.54, +26.954,   +22.0, +1055.0,  +150.0,  +340.0
1721044740, +3.54, +27.045,   +21.0, +1046.0,  +172.0,  +392.0
1721045340, +3.54, +27.144,   +26.7, +1046.0,  +160.0,  +372.0
1721045940, +3.54, +27.210,   +23.5, +1052.0,  +160.0,  +385.0
