7530-303058
OS REV: 1.08 Sensor Cal: 1706256000 Averages: 30
Time (sec),  Bat (Volts),   T (deg C),  PAR (umol/(s m^2))  Ax (mg), Ay (mg), Az (mg)
1733052540, +3.50, +22.275,    +0.4, +1080.0,   +64.0,  +368.0
1733053140, +3.50, +22.275,    +0.4, +1080.0,   +64.0,  +368.0
1733053740, +3.50, +22.283,    +0.4, +1080.0,   +67.0,  +368.0
1733054340, +3.50, +22.283,    +0.4, +1080.0,   +64.0,  +368.0
1733054940, +3.50, +22.275,    +0.3, +1084.0,   +68.0,  +360.0
1733055540, +3.50, +22.275,    +0.3, +1080.0,   +65.0,  +368.0
1733056140, +3.50, +22.275,    +0.2, +1004.0,   +40.0,  +419.0
1733056740, +3.50, +22.275,    +0.2, +1004.0,   +40.0,  +417.0
1733057340, +3.50, +22.266,    +0.0, +1080.0,   +64.0,  +368.0
1733057940, +3.50, +22.275,    +0.2, +1080.0,   +72.0,  +371.0
1733058540, +3.50, +22.258,    +0.2, +1078.0,   +72.0,  +371.0
1733059140, +3.50, +22.266,    +0.1, +1075.0,   +72.0,  +376.0
1733059740, +3.50, +22.275,    +0.0, +1084.0,   +72.0,  +360.0
1733060340, +3.50, +22.266,    +0.2, +1081.0,   +72.0,  +360.0
1733060940, +3.50, +22.275,    +0.1, +1076.0,   +65.0,  +376.0
1733061540, +3.50, +22.249,    +0.2, +1004.0,   +48.0,  +419.0
1733062140, +3.50, +22.258,    +0.1, +1080.0,   +67.0,  +376.0
1733062740, +3.50, +22.266,    -0.0, +1080.0,   +72.0,  +368.0
1733063340, +3.50, +22.258,    +0.0, +1079.0,   +72.0,  +374.0
1733063940, +3.50, +22.258,    +0.0, +1076.0,   +68.0,  +374.0
1733064540, +3.50, +22.249,    -0.1, +1080.0,   +70.0,  +372.0
1733065140, +3.50, +22.249,    -0.0, +1080.0,   +76.0,  +364.0
1733065740, +3.50, +22.241,    -0.0, +1080.0,   +72.0,  +372.0
1733066340, +3.50, +22.249,    -0.1, +1073.0,   +76.0,  +376.0
1733066940, +3.50, +22.249,    +0.0, +1075.0,   +71.0,  +376.0
1733067540, +3.50, +22.241,    -0.0, +1080.0,   +67.0,  +369.0
1733068140, +3.50, +22.241,    -0.0, +1078.0,   +72.0,  +376.0
1733068740, +3.50, +22.233,    -0.1, +1075.0,   +76.0,  +376.0
1733069340, +3.50, +22.233,    +0.0, +1080.0,   +78.0,  +368.0
1733069940, +3.50, +22.241,    +0.0, +1080.0,   +73.0,  +368.0
1733070540, +3.50, +22.224,    -0.0, +1081.0,   +78.0,  +360.0
1733071140, +3.50, +22.233,    +0.0, +1078.0,   +72.0,  +372.0
1733071740, +3.50, +22.208,    -0.0, +1080.0,   +74.0,  +368.0
1733072340, +3.50, +22.208,    +0.0, +1080.0,   +79.0,  +368.0
1733072940, +3.50, +22.216,    +0.0, +1080.0,   +70.0,  +369.0
1733073540, +3.50, +22.208,    +0.0, +1075.0,   +76.0,  +376.0
1733074140, +3.50, +22.208,    +0.0, +1080.0,   +72.0,  +369.0
1733074740, +3.50, +22.191,    +0.1, +1080.0,   +78.0,  +368.0
1733075340, +3.50, +22.199,    +0.0, +1078.0,   +64.0,  +371.0
1733075940, +3.50, +22.191,    -0.1, +1080.0,   +76.0,  +371.0
1733076540, +3.50, +22.191,    -0.1, +1080.0,   +70.0,  +368.0
1733077140, +3.50, +22.182,    +0.0, +1081.0,   +76.0,  +361.0
1733077740, +3.50, +22.174,    +0.0, +1084.0,   +76.0,  +359.0
1733078340, +3.50, +22.166,    -0.1, +1084.0,   +70.0,  +364.0
1733078940, +3.50, +22.166,    +0.0, +1080.0,   +76.0,  +368.0
1733079540, +3.50, +22.166,    -0.1, +1084.0,   +76.0,  +359.0
1733080140, +3.50, +22.149,    -0.1, +1081.0,   +72.0,  +368.0
1733080740, +3.50, +22.141,    +0.0, +1075.0,   +72.0,  +376.0
1733081340, +3.50, +22.132,    -0.0, +1151.0,   +60.0,  +249.0
1733081940, +3.50, +22.099,    -0.1, +1080.0,   +76.0,  +371.0
1733082540, +3.50, +22.116,    +0.0, +1004.0,   +48.0,  +423.0
1733083140, +3.50, +22.090,    -0.0, +1080.0,   +72.0,  +366.0
1733083740, +3.50, +22.090,    +0.1, +1080.0,   +72.0,  +366.0
1733084340, +3.50, +22.082,    -0.0, +1080.0,   +72.0,  +368.0
1733084940, +3.50, +22.082,    -0.0, +1081.0,   +68.0,  +364.0
1733085540, +3.50, +22.082,    -0.0, +1084.0,   +75.0,  +356.0
1733086140, +3.50, +22.074,    +0.0, +1004.0,   +49.0,  +419.0
1733086740, +3.50, +22.057,    -0.1, +1084.0,   +70.0,  +358.0
1733087340, +3.50, +22.040,    -0.1, +1004.0,   +44.0,  +422.0
1733087940, +3.50, +22.032,    +0.1, +1084.0,   +71.0,  +352.0
1733088540, +3.50, +22.023,    +0.1, +1004.0,   +46.0,  +419.0
1733089140, +3.50, +22.015,    +0.1, +1001.0,   +48.0,  +422.0
1733089740, +3.50, +22.007,    -0.1, +1081.0,   +78.0,  +364.0
1733090340, +3.50, +22.007,    -0.0, +1004.0,   +48.0,  +422.0
1733090940, +3.50, +21.998,    -0.1, +1004.0,   +47.0,  +416.0
1733091540, +3.50, +22.007,    -0.0, +1004.0,   +44.0,  +419.0
1733092140, +3.50, +22.007,    +0.1, +1001.0,   +44.0,  +419.0
1733092740, +3.50, +21.998,    -0.0, +1148.0,   +56.0,  +255.0
1733093340, +3.50, +22.015,    +0.1, +1004.0,   +40.0,  +419.0
1733093940, +3.50, +22.007,    -0.1, +1081.0,   +65.0,  +360.0
1733094540, +3.50, +22.007,    -0.1, +1084.0,   +72.0,  +355.0
1733095140, +3.50, +22.015,    +0.1, +1084.0,   +65.0,  +358.0
1733095740, +3.50, +22.015,    +0.0, +1084.0,   +64.0,  +355.0
1733096340, +3.50, +21.998,    +0.0, +1084.0,   +64.0,  +368.0
1733096940, +3.50, +22.007,    +0.1, +1080.0,   +64.0,  +364.0
1733097540, +3.50, +22.015,    -0.1, +1148.0,   +60.0,  +247.0
1733098140, +3.50, +21.998,    -0.1, +1004.0,   +39.0,  +415.0
1733098740, +3.50, +22.015,    +0.0, +1004.0,   +38.0,  +414.0
1733099340, +3.50, +22.007,    -0.1, +1148.0,   +54.0,  +251.0
1733099940, +3.50, +22.007,    -0.0, +1080.0,   +64.0,  +360.0
1733100540, +3.50, +22.015,    +0.0, +1080.0,   +60.0,  +364.0
1733101140, +3.50, +21.990,    -0.0, +1004.0,   +39.0,  +416.0
1733101740, +3.50, +21.998,    -0.0, +1004.0,   +33.0,  +419.0
1733102340, +3.50, +22.007,    +0.0, +1080.0,   +60.0,  +364.0
1733102940, +3.50, +21.998,    +0.0, +1001.0,   +38.0,  +422.0
1733103540, +3.50, +21.998,    -0.1, +1006.0,   +38.0,  +419.0
1733104140, +3.50, +21.990,    +0.0, +1080.0,   +60.0,  +364.0
1733104740, +3.50, +21.990,    -0.0, +1004.0,   +32.0,  +416.0
1733105340, +3.50, +22.007,    +0.0, +1086.0,   +64.0,  +358.0
1733105940, +3.50, +21.998,    +0.0, +1001.0,   +35.0,  +419.0
1733106540, +3.50, +21.998,    -0.1, +1001.0,   +38.0,  +417.0
1733107140, +3.50, +21.998,    +0.1, +1148.0,   +39.0,  +249.0
1733107740, +3.50, +21.998,    -0.1, +1087.0,   +62.0,  +360.0
1733108340, +3.50, +21.990,    -0.1, +1004.0,   +32.0,  +419.0
1733108940, +3.50, +21.990,    +0.1, +1004.0,   +35.0,  +422.0
1733109540, +3.50, +21.998,    -0.1, +1150.0,   +44.0,  +247.0
1733110140, +3.50, +21.998,    +0.0, +1004.0,   +33.0,  +422.0
1733110740, +3.50, +21.998,    -0.0, +1084.0,   +64.0,  +356.0
1733111340, +3.50, +21.998,    +0.0, +1150.0,   +48.0,  +255.0
1733111940, +3.50, +21.998,    -0.1, +1001.0,   +38.0,  +419.0
1733112540, +3.50, +21.998,    -0.0, +1004.0,   +35.0,  +419.0
1733113140, +3.50, +21.990,    -0.0, +1004.0,   +38.0,  +419.0
1733113740, +3.50, +21.998,    -0.0, +1004.0,   +38.0,  +419.0
1733114340, +3.50, +21.998,    -0.1, +1004.0,   +31.0,  +417.0
1733114940, +3.50, +21.990,    -0.1, +1001.0,   +35.0,  +416.0
1733115540, +3.50, +21.998,    +0.0, +1004.0,   +32.0,  +423.0
1733116140, +3.50, +21.990,    +0.1, +1007.0,   +33.0,  +419.0
1733116740, +3.50, +21.998,    +0.1, +1004.0,   +32.0,  +419.0
1733117340, +3.50, +22.007,    +0.1, +1150.0,   +44.0,  +252.0
1733117940, +3.50, +21.998,    -0.1, +1004.0,   +35.0,  +422.0
1733118540, +3.50, +21.990,    +0.0, +1148.0,   +55.0,  +251.0
1733119140, +3.50, +21.998,    -0.1, +1001.0,   +35.0,  +419.0
1733119740, +3.50, +21.998,    +0.0, +1004.0,   +35.0,  +422.0
1733120340, +3.50, +21.998,    +0.1, +1004.0,   +33.0,  +422.0
1733120940, +3.50, +21.998,    -0.1, +1004.0,   +35.0,  +419.0
1733121540, +3.50, +21.998,    +0.1, +1006.0,   +32.0,  +417.0
1733122140, +3.50, +21.998,    +0.1, +1080.0,   +60.0,  +368.0
1733122740, +3.50, +22.007,    +0.0, +1084.0,   +57.0,  +360.0
1733123340, +3.50, +21.990,    -0.1, +1150.0,   +47.0,  +255.0
1733123940, +3.50, +21.990,    -0.1, +1004.0,   +31.0,  +417.0
1733124540, +3.50, +21.998,    +0.1, +1004.0,   +33.0,  +419.0
1733125140, +3.50, +21.998,    +0.1, +1006.0,   +35.0,  +419.0
1733125740, +3.50, +21.990,    +0.1, +1004.0,   +32.0,  +423.0
1733126340, +3.50, +21.990,    +0.0, +1004.0,   +32.0,  +419.0
1733126940, +3.50, +21.998,    +0.0, +1152.0,   +39.0,  +247.0
1733127540, +3.50, +21.998,    +0.0, +1007.0,   +31.0,  +419.0
1733128140, +3.50, +21.998,    +0.1, +1004.0,   +32.0,  +419.0
1733128740, +3.50, +21.998,    +0.1, +1084.0,   +62.0,  +364.0
1733129340, +3.50, +21.998,    -0.0, +1001.0,   +32.0,  +419.0
1733129940, +3.50, +21.998,    +0.0, +1006.0,   +33.0,  +422.0
1733130540, +3.50, +22.007,    +0.0, +1084.0,   +64.0,  +364.0
1733131140, +3.50, +21.998,    +0.2, +1004.0,   +33.0,  +422.0
1733131740, +3.50, +22.007,    +0.1, +1086.0,   +62.0,  +355.0
1733132340, +3.50, +22.007,    +0.0, +1148.0,   +48.0,  +255.0
1733132940, +3.50, +21.998,    +0.1, +1004.0,   +36.0,  +416.0
1733133540, +3.50, +21.998,    -0.0, +1080.0,   +64.0,  +366.0
1733134140, +3.50, +21.990,    +0.1, +1080.0,   +60.0,  +368.0
1733134740, +3.50, +22.007,    +0.0, +1148.0,   +44.0,  +243.0
1733135340, +3.50, +21.990,    +0.1, +1084.0,   +64.0,  +355.0
1733135940, +3.50, +22.015,    +0.1, +1081.0,   +62.0,  +366.0
1733136540, +3.50, +21.982,    +0.1, +1007.0,   +35.0,  +416.0
1733137140, +3.50, +21.990,    -0.0, +1084.0,   +64.0,  +364.0
1733137740, +3.50, +22.007,    -0.0, +1080.0,   +60.0,  +360.0
1733138340, +3.50, +22.007,    +0.0, +1080.0,   +70.0,  +368.0
1733138940, +3.50, +22.015,    +0.0, +1004.0,   +33.0,  +419.0
