7530-303058
OS REV: 1.08 Sensor Cal: 1706256000 Averages: 30
Time (sec),  Bat (Volts),   T (deg C),  PAR (umol/(s m^2))  Ax (mg), Ay (mg), Az (mg)
1720437540, +3.54, +27.951,   +90.9, +1039.0,  +104.0,  +377.0
1720438140, +3.54, +27.984,   +85.1, +1036.0,  +128.0,  +399.0
1720438740, +3.54, +28.009,   +88.3, +1040.0,  +136.0,  +392.0
1720439340, +3.54, +28.042,   +90.4, +1036.0,  +115.0,  +390.0
1720439940, +3.54, +28.066,   +85.7, +1041.0,  +115.0,  +339.0
1720440540, +3.54, +28.083,   +88.0, +1031.0,  +143.0,  +368.0
1720441140, +3.54, +28.083,   +80.2, +1031.0,  +140.0,  +390.0
1720441740, +3.54, +28.124,   +82.7, +1024.0,  +124.0,  +398.0
1720442340, +3.54, +28.148,   +79.5, +1038.0,  +128.0,  +400.0
1720442940, +3.54, +28.165,   +74.8, +1016.0,  +128.0,  +368.0
1720443540, +3.54, +28.181,   +49.2, +1017.0,  +152.0,  +408.0
1720444140, +3.54, +28.181,   +46.2, +1116.0,  +176.0,  +195.0
1720444740, +3.54, +28.197,   +23.4, +1118.0,  +172.0,  +176.0
1720445340, +3.54, +28.197,   +60.9,  +995.0,  +120.0,  +392.0
1720445940, +3.54, +28.214,   +50.2, +1017.0,  +128.0,  +364.0
1720446540, +3.54, +28.222,   +49.0, +1020.0,  +120.0,  +352.0
1720447140, +3.54, +28.230,   +48.2, +1041.0,  +103.0,  +368.0
1720447740, +3.54, +28.247,   +45.2, +1033.0,  +134.0,  +390.0
1720448340, +3.54, +28.247,   +40.0, +1036.0,  +128.0,  +384.0
1720448940, +3.54, +28.263,   +14.7, +1025.0,  +102.0,  +376.0
1720449540, +3.54, +28.271,   +30.6,  +995.0,   +96.0,  +390.0
1720450140, +3.54, +28.288,   +27.9, +1112.0,  +160.0,  +216.0
1720450740, +3.54, +28.304,   +12.9, +1120.0,  +136.0,  +192.0
1720451340, +3.54, +28.329,   +19.6, +1105.0,  +147.0,  +240.0
1720451940, +3.54, +28.329,   +16.7, +1112.0,  +152.0,  +224.0
1720452540, +3.54, +28.337,   +13.5, +1116.0,  +160.0,  +216.0
1720453140, +3.54, +28.296,    +8.1, +1025.0,  +128.0,  +400.0
1720453740, +3.54, +28.230,    +8.9, +1039.0,  +120.0,  +376.0
1720454340, +3.54, +28.181,    +8.5, +1031.0,  +103.0,  +380.0
1720454940, +3.54, +28.115,    +5.1, +1039.0,   +88.0,  +376.0
1720455540, +3.54, +28.042,    +3.7, +1044.0,   +88.0,  +368.0
1720456140, +3.54, +28.017,    +2.6, +1041.0,   +92.0,  +377.0
1720456740, +3.54, +27.984,    +1.6, +1043.0,   +88.0,  +366.0
1720457340, +3.54, +27.951,    +1.0, +1048.0,   +99.0,  +359.0
1720457940, +3.54, +28.025,    +0.4, +1039.0,   +80.0,  +368.0
1720458540, +3.54, +28.009,    +0.0, +1039.0,   +83.0,  +368.0
1720459140, +3.54, +27.894,    +0.0, +1048.0,   +83.0,  +360.0
1720459740, +3.54, +27.844,    +0.0, +1048.0,   +86.0,  +371.0
1720460340, +3.54, +27.762,    +0.0, +1052.0,   +76.0,  +356.0
1720460940, +3.54, +27.713,    -0.0, +1041.0,   +76.0,  +380.0
1720461540, +3.54, +27.647,    -0.1, +1048.0,   +92.0,  +371.0
1720462140, +3.54, +27.630,    -0.1, +1049.0,   +92.0,  +371.0
1720462740, +3.54, +27.540,    +0.1, +1048.0,   +78.0,  +369.0
1720463340, +3.54, +27.581,    -0.0, +1057.0,   +80.0,  +364.0
1720463940, +3.54, +27.540,    +0.0, +1052.0,   +76.0,  +368.0
1720464540, +3.54, +27.466,    +0.1, +1059.0,   +83.0,  +360.0
1720465140, +3.54, +27.466,    -0.1, +1055.0,   +68.0,  +360.0
1720465740, +3.54, +27.457,    -0.1, +1136.0,   +80.0,  +204.0
1720466340, +3.54, +27.449,    +0.0, +1054.0,   +84.0,  +372.0
1720466940, +3.54, +27.441,    +0.0, +1056.0,   +72.0,  +368.0
1720467540, +3.54, +27.391,    -0.0, +1055.0,   +72.0,  +364.0
1720468140, +3.54, +27.309,    +0.0, +1059.0,   +79.0,  +360.0
1720468740, +3.54, +26.913,    +0.1, +1068.0,   +72.0,  +348.0
1720469340, +3.54, +26.714,    +0.1, +1068.0,   +79.0,  +352.0
1720469940, +3.54, +26.590,    +0.1, +1064.0,   +67.0,  +352.0
1720470540, +3.54, +26.516,    -0.0, +1064.0,   +83.0,  +352.0
1720471140, +3.54, +26.532,    +0.0, +1063.0,   +81.0,  +355.0
1720471740, +3.54, +26.532,    -0.2, +1063.0,   +81.0,  +353.0
1720472340, +3.54, +26.524,    +0.0, +1071.0,   +80.0,  +348.0
1720472940, +3.54, +26.507,    +0.0, +1068.0,   +72.0,  +348.0
1720473540, +3.54, +26.507,    +0.2, +1062.0,   +88.0,  +359.0
1720474140, +3.54, +26.516,    -0.0, +1068.0,   +79.0,  +352.0
1720474740, +3.54, +26.441,    -0.2, +1068.0,   +92.0,  +359.0
1720475340, +3.54, +26.433,    -0.1, +1072.0,   +68.0,  +348.0
1720475940, +3.54, +26.574,    -0.1, +1065.0,   +72.0,  +350.0
1720476540, +3.54, +26.648,    -0.0, +1063.0,   +76.0,  +352.0
1720477140, +3.54, +26.673,    -0.1, +1064.0,   +76.0,  +352.0
1720477740, +3.54, +26.706,    -0.1, +1068.0,   +79.0,  +352.0
1720478340, +3.54, +26.607,    -0.0, +1064.0,   +71.0,  +352.0
1720478940, +3.54, +26.648,    -0.0, +1065.0,  +102.0,  +348.0
1720479540, +3.54, +26.516,    +0.1, +1072.0,   +83.0,  +344.0
1720480140, +3.54, +26.607,    +0.1, +1064.0,   +76.0,  +352.0
1720480740, +3.54, +26.416,    +0.1, +1068.0,   +72.0,  +344.0
1720481340, +3.54, +26.632,    -0.0, +1063.0,   +64.0,  +355.0
1720481940, +3.54, +26.731,    -0.1, +1059.0,   +88.0,  +360.0
1720482540, +3.54, +26.805,    -0.0, +1068.0,   +97.0,  +344.0
1720483140, +3.54, +26.838,    -0.1, +1062.0,   +76.0,  +352.0
1720483740, +3.54, +26.830,    +0.0, +1064.0,   +78.0,  +350.0
1720484340, +3.54, +26.838,    -0.2, +1063.0,   +76.0,  +355.0
1720484940, +3.54, +26.838,    -0.1, +1068.0,   +92.0,  +352.0
1720485540, +3.54, +26.863,    +0.1, +1064.0,   +72.0,  +350.0
1720486140, +3.54, +26.888,    +0.1, +1062.0,   +96.0,  +352.0
1720486740, +3.54, +26.896,    +0.1, +1065.0,   +88.0,  +352.0
1720487340, +3.54, +26.904,    +0.1, +1063.0,   +80.0,  +352.0
1720487940, +3.54, +26.913,    -0.1, +1063.0,   +86.0,  +352.0
1720488540, +3.54, +26.929,    -0.1, +1064.0,   +83.0,  +352.0
1720489140, +3.54, +26.946,    +0.0, +1063.0,   +80.0,  +352.0
1720489740, +3.54, +26.938,    +0.2, +1063.0,   +81.0,  +352.0
1720490340, +3.54, +26.962,    -0.1, +1056.0,   +84.0,  +364.0
1720490940, +3.54, +26.971,    +0.0, +1062.0,   +72.0,  +359.0
1720491540, +3.54, +26.987,    +0.0, +1059.0,   +96.0,  +358.0
1720492140, +3.54, +26.995,    -0.0, +1062.0,   +83.0,  +359.0
1720492740, +3.54, +27.004,    +0.1, +1060.0,   +79.0,  +358.0
1720493340, +3.54, +26.995,    +0.3, +1064.0,   +64.0,  +352.0
1720493940, +3.54, +27.012,    +0.6, +1057.0,   +72.0,  +359.0
1720494540, +3.54, +27.012,    +1.2, +1062.0,   +76.0,  +355.0
1720495140, +3.54, +26.995,    +2.0, +1063.0,   +78.0,  +352.0
1720495740, +3.54, +26.995,    +2.5, +1063.0,   +92.0,  +358.0
1720496340, +3.54, +26.995,    +3.2, +1057.0,   +80.0,  +359.0
1720496940, +3.54, +26.979,    +3.9, +1063.0,   +92.0,  +355.0
1720497540, +3.54, +26.987,    +4.3, +1060.0,   +71.0,  +348.0
1720498140, +3.54, +26.979,    +4.3, +1059.0,   +80.0,  +356.0
1720498740, +3.54, +26.971,    +5.1, +1063.0,   +76.0,  +352.0
1720499340, +3.54, +26.962,    +5.6, +1063.0,   +83.0,  +359.0
1720499940, +3.54, +26.962,    +7.7, +1063.0,   +92.0,  +352.0
1720500540, +3.54, +26.962,    +7.1, +1059.0,   +84.0,  +360.0
1720501140, +3.54, +27.012,   +12.4, +1060.0,   +76.0,  +352.0
1720501740, +3.54, +27.028,   +11.6, +1060.0,   +83.0,  +360.0
1720502340, +3.54, +27.053,   +22.3, +1056.0,   +80.0,  +360.0
1720502940, +3.54, +27.078,   +18.5, +1059.0,   +83.0,  +360.0
1720503540, +3.54, +27.111,   +10.7, +1059.0,   +76.0,  +355.0
1720504140, +3.54, +27.111,   +18.1, +1059.0,   +96.0,  +360.0
1720504740, +3.54, +27.136,   +13.8, +1062.0,   +80.0,  +360.0
1720505340, +3.54, +27.144,   +13.6, +1064.0,   +76.0,  +348.0
1720505940, +3.54, +27.161,   +27.4, +1057.0,   +72.0,  +359.0
1720506540, +3.54, +27.185,   +32.0, +1056.0,   +68.0,  +360.0
1720507140, +3.54, +27.218,   +29.1, +1056.0,   +64.0,  +352.0
1720507740, +3.54, +27.235,   +32.5, +1056.0,   +83.0,  +356.0
1720508340, +3.54, +27.284,   +32.8, +1059.0,   +76.0,  +352.0
1720508940, +3.54, +27.251,    +8.8, +1055.0,   +84.0,  +360.0
1720509540, +3.54, +27.260,   +34.8, +1056.0,   +80.0,  +353.0
1720510140, +3.54, +27.301,   +36.6, +1057.0,   +83.0,  +355.0
1720510740, +3.54, +27.342,   +23.4, +1055.0,   +76.0,  +368.0
1720511340, +3.54, +27.383,   +38.0, +1057.0,   +88.0,  +358.0
1720511940, +3.54, +27.408,   +39.3, +1052.0,   +81.0,  +368.0
1720512540, +3.54, +27.441,   +36.1, +1054.0,   +76.0,  +368.0
1720513140, +3.54, +27.449,   +34.8, +1057.0,   +86.0,  +359.0
1720513740, +3.54, +27.449,   +35.4, +1056.0,   +88.0,  +360.0
1720514340, +3.54, +27.449,   +37.4, +1054.0,   +76.0,  +364.0
1720514940, +3.54, +27.466,   +33.6, +1057.0,   +70.0,  +352.0
1720515540, +3.54, +27.441,   +36.4, +1056.0,   +81.0,  +358.0
1720516140, +3.54, +27.441,   +37.6, +1055.0,   +88.0,  +352.0
1720516740, +3.54, +27.408,   +37.9, +1059.0,   +80.0,  +352.0
1720517340, +3.54, +27.375,   +40.7, +1057.0,   +86.0,  +359.0
1720517940, +3.54, +27.350,   +39.9, +1055.0,   +96.0,  +355.0
1720518540, +3.54, +27.342,   +42.0, +1048.0,  +103.0,  +364.0
1720519140, +3.54, +27.326,   +40.8, +1056.0,   +96.0,  +358.0
1720519740, +3.54, +27.350,   +39.4, +1052.0,   +96.0,  +352.0
1720520340, +3.54, +27.375,   +39.3, +1048.0,  +104.0,  +364.0
1720520940, +3.54, +27.400,   +39.1, +1056.0,   +96.0,  +368.0
1720521540, +3.54, +27.424,   +38.9, +1055.0,  +104.0,  +368.0
1720522140, +3.54, +27.457,   +40.0, +1128.0,  +103.0,  +196.0
1720522740, +3.54, +27.474,   +40.0, +1055.0,   +92.0,  +364.0
1720523340, +3.54, +27.490,   +40.1, +1054.0,   +92.0,  +359.0
1720523940, +3.54, +27.507,   +37.2, +1055.0,   +83.0,  +352.0
