7530-303058
OS REV: 1.08 Sensor Cal: 1706256000 Averages: 30
Time (sec),  Bat (Volts),   T (deg C),  PAR (umol/(s m^2))  Ax (mg), Ay (mg), Az (mg)
1728789540, +3.52, +27.680,    -0.0, +1036.0,   +56.0,  +400.0
1728790140, +3.52, +27.293,    -0.0, +1084.0,   +72.0,  +335.0
1728790740, +3.52, +26.706,    +0.1, +1036.0,   +54.0,  +400.0
1728791340, +3.52, +26.151,    +0.1, +1032.0,   +56.0,  +396.0
1728791940, +3.52, +24.472,    -0.0, +1070.0,   +67.0,  +352.0
1728792540, +3.52, +23.679,    +0.0, +1080.0,   +80.0,  +332.0
1728793140, +3.52, +23.395,    +0.1, +1086.0,   +80.0,  +327.0
1728793740, +3.52, +23.278,    -0.1, +1001.0,   +56.0,  +398.0
1728794340, +3.52, +23.245,    -0.2, +1080.0,   +88.0,  +336.0
1728794940, +3.52, +23.178,    -0.1,  +999.0,   +60.0,  +399.0
1728795540, +3.52, +23.245,    +0.0, +1080.0,   +88.0,  +336.0
1728796140, +3.52, +23.286,    -0.1, +1080.0,   +92.0,  +339.0
1728796740, +3.52, +23.295,    -0.1, +1079.0,   +96.0,  +334.0
1728797340, +3.52, +23.403,    +0.0, +1075.0,   +88.0,  +348.0
1728797940, +3.52, +23.512,    -0.2, +1080.0,   +88.0,  +342.0
1728798540, +3.52, +23.529,    -0.1, +1078.0,   +84.0,  +344.0
1728799140, +3.52, +23.520,    +0.1, +1075.0,   +80.0,  +348.0
1728799740, +3.52, +23.520,    +0.0, +1080.0,   +80.0,  +344.0
1728800340, +3.52, +23.612,    +0.1, +1084.0,   +86.0,  +334.0
1728800940, +3.52, +23.788,    +0.0, +1078.0,   +80.0,  +352.0
1728801540, +3.52, +23.996,    -0.1, +1072.0,   +78.0,  +352.0
1728802140, +3.52, +24.171,    -0.0, +1072.0,   +76.0,  +353.0
1728802740, +3.52, +24.088,    -0.1, +1072.0,   +72.0,  +353.0
1728803340, +3.51, +24.063,    -0.1, +1075.0,   +72.0,  +344.0
1728803940, +3.52, +23.871,    +0.0, +1076.0,   +72.0,  +348.0
1728804540, +3.52, +23.771,    +0.0, +1075.0,   +71.0,  +348.0
1728805140, +3.52, +23.637,    +0.0, +1078.0,   +80.0,  +328.0
1728805740, +3.52, +23.470,    +0.0, +1078.0,   +96.0,  +328.0
1728806340, +3.51, +23.788,    +0.0, +1073.0,   +84.0,  +342.0
1728806940, +3.51, +23.921,    +0.0, +1072.0,   +88.0,  +342.0
1728807540, +3.51, +24.038,    -0.1, +1068.0,  +100.0,  +339.0
1728808140, +3.51, +24.188,    -0.1, +1071.0,   +88.0,  +352.0
1728808740, +3.51, +24.138,    -0.1, +1072.0,   +80.0,  +355.0
1728809340, +3.51, +24.080,    +0.0, +1072.0,   +88.0,  +360.0
1728809940, +3.51, +24.030,    -0.0, +1075.0,   +92.0,  +352.0
1728810540, +3.51, +24.046,    -0.1, +1073.0,   +88.0,  +352.0
1728811140, +3.51, +24.188,    -0.0, +1076.0,   +84.0,  +352.0
1728811740, +3.51, +24.355,    -0.1, +1070.0,   +83.0,  +366.0
1728812340, +3.51, +24.513,    -0.0, +1063.0,   +83.0,  +368.0
1728812940, +3.51, +24.613,    +0.0, +1063.0,   +78.0,  +376.0
1728813540, +3.51, +24.780,    +0.0, +1063.0,   +79.0,  +368.0
1728814140, +3.51, +24.938,    +0.1, +1063.0,   +88.0,  +369.0
1728814740, +3.51, +25.088,    +0.0, +1062.0,   +80.0,  +376.0
1728815340, +3.51, +25.104,    -0.1, +1063.0,   +86.0,  +369.0
1728815940, +3.51, +24.913,    +0.1, +1063.0,   +92.0,  +368.0
1728816540, +3.51, +24.888,    -0.0, +1060.0,   +88.0,  +361.0
1728817140, +3.51, +24.888,    -0.0, +1059.0,   +78.0,  +371.0
1728817740, +3.51, +24.796,    -0.0, +1064.0,   +76.0,  +360.0
1728818340, +3.51, +24.747,    +0.0, +1065.0,   +80.0,  +360.0
1728818940, +3.51, +24.871,    +0.0, +1064.0,   +83.0,  +361.0
1728819540, +3.51, +24.896,    -0.1, +1063.0,   +81.0,  +358.0
1728820140, +3.51, +24.588,    -0.1, +1068.0,   +88.0,  +358.0
1728820740, +3.51, +24.413,    -0.1, +1072.0,   +96.0,  +344.0
1728821340, +3.51, +24.322,    +0.0, +1070.0,   +92.0,  +352.0
1728821940, +3.51, +24.288,    -0.1, +1068.0,   +88.0,  +344.0
1728822540, +3.51, +24.338,    -0.0, +1070.0,   +96.0,  +352.0
1728823140, +3.51, +24.438,    -0.1, +1070.0,   +96.0,  +352.0
1728823740, +3.51, +24.572,    -0.0, +1068.0,   +92.0,  +360.0
1728824340, +3.51, +24.688,    -0.1, +1068.0,   +86.0,  +359.0
1728824940, +3.51, +24.763,    -0.0, +1060.0,   +76.0,  +368.0
1728825540, +3.51, +24.863,    -0.1, +1063.0,   +76.0,  +368.0
1728826140, +3.51, +25.005,    +0.0, +1064.0,   +72.0,  +364.0
1728826740, +3.51, +25.121,    +0.1, +1062.0,   +72.0,  +371.0
1728827340, +3.51, +25.246,    +0.1, +1055.0,   +71.0,  +380.0
1728827940, +3.51, +25.354,    -0.0, +1055.0,   +76.0,  +384.0
1728828540, +3.51, +25.346,    -0.1, +1062.0,   +71.0,  +376.0
1728829140, +3.51, +25.287,    -0.0, +1063.0,   +76.0,  +368.0
1728829740, +3.51, +25.321,    -0.1, +1060.0,   +67.0,  +372.0
1728830340, +3.51, +25.462,    +0.0, +1056.0,   +73.0,  +384.0
1728830940, +3.51, +25.595,    -0.1, +1052.0,   +72.0,  +390.0
1728831540, +3.51, +25.769,    -0.0, +1048.0,   +65.0,  +392.0
1728832140, +3.51, +25.811,    +0.0, +1043.0,   +64.0,  +392.0
1728832740, +3.51, +25.803,    +0.1, +1048.0,   +64.0,  +392.0
1728833340, +3.51, +25.861,    +0.0, +1048.0,   +64.0,  +396.0
1728833940, +3.51, +25.919,    -0.0, +1048.0,   +64.0,  +396.0
1728834540, +3.51, +26.010,    -0.0, +1049.0,   +62.0,  +392.0
1728835140, +3.51, +26.060,    -0.1, +1049.0,   +64.0,  +390.0
1728835740, +3.51, +26.151,    +0.1, +1031.0,   +56.0,  +399.0
1728836340, +3.51, +26.217,    -0.1, +1134.0,   +70.0,  +224.0
1728836940, +3.51, +26.267,    +0.0, +1132.0,   +76.0,  +214.0
1728837540, +3.51, +26.292,    -0.1, +1128.0,   +78.0,  +216.0
1728838140, +3.51, +26.201,    -0.1, +1001.0,   +35.0,  +391.0
1728838740, +3.51, +26.093,    -0.1, +1043.0,   +51.0,  +390.0
1728839340, +3.51, +26.176,    -0.0, +1048.0,   +44.0,  +388.0
1728839940, +3.52, +26.043,    +0.0, +1048.0,   +44.0,  +384.0
1728840540, +3.52, +25.977,    -0.0, +1049.0,   +48.0,  +384.0
1728841140, +3.52, +25.952,    -0.0, +1054.0,   +48.0,  +384.0
1728841740, +3.52, +25.944,    -0.1, +1041.0,   +44.0,  +390.0
1728842340, +3.52, +25.960,    -0.0, +1046.0,   +40.0,  +387.0
1728842940, +3.52, +26.010,    -0.1, +1048.0,   +48.0,  +387.0
1728843540, +3.52, +26.043,    -0.1, +1040.0,   +48.0,  +392.0
1728844140, +3.52, +26.035,    +0.0, +1048.0,   +48.0,  +384.0
1728844740, +3.52, +26.027,    -0.0, +1039.0,   +48.0,  +391.0
1728845340, +3.52, +25.994,    +0.0, +1043.0,   +46.0,  +387.0
1728845940, +3.52, +26.010,    +0.0, +1043.0,   +48.0,  +388.0
1728846540, +3.52, +26.027,    +0.0, +1039.0,   +48.0,  +387.0
1728847140, +3.52, +26.035,    -0.1, +1036.0,   +48.0,  +398.0
1728847740, +3.52, +26.035,    +0.1, +1043.0,   +48.0,  +390.0
1728848340, +3.52, +26.077,    +0.0, +1041.0,   +52.0,  +390.0
1728848940, +3.52, +26.085,    +0.1, +1043.0,   +54.0,  +391.0
1728849540, +3.52, +26.101,    +0.0, +1043.0,   +48.0,  +392.0
1728850140, +3.52, +26.151,    -0.0, +1048.0,   +51.0,  +390.0
1728850740, +3.52, +26.184,    +0.0, +1043.0,   +48.0,  +392.0
1728851340, +3.52, +26.209,    +0.0, +1030.0,   +48.0,  +403.0
1728851940, +3.52, +26.325,    +0.1, +1121.0,   +84.0,  +231.0
1728852540, +3.52, +26.507,    +0.0, +1027.0,   +54.0,  +403.0
1728853140, +3.52, +26.747,    +0.1, +1136.0,   +64.0,  +216.0
1728853740, +3.52, +26.888,    +0.0, +1132.0,   +80.0,  +216.0
1728854340, +3.52, +26.971,    -0.1, +1087.0,   +76.0,  +328.0
1728854940, +3.52, +26.995,    -0.0, +1120.0,   +88.0,  +232.0
1728855540, +3.52, +27.020,    -0.1, +1049.0,   +60.0,  +385.0
1728856140, +3.52, +27.045,    -0.1, +1072.0,   +64.0,  +358.0
1728856740, +3.52, +27.045,    +0.0, +1068.0,   +62.0,  +364.0
1728857340, +3.52, +27.053,    -0.1, +1048.0,   +51.0,  +385.0
1728857940, +3.52, +27.028,    -0.1, +1056.0,   +48.0,  +376.0
1728858540, +3.52, +27.053,    -0.0, +1136.0,   +51.0,  +212.0
1728859140, +3.52, +27.053,    +0.0, +1124.0,   +64.0,  +224.0
1728859740, +3.52, +27.078,    -0.1, +1063.0,   +48.0,  +371.0
1728860340, +3.52, +27.078,    -0.0, +1120.0,   +72.0,  +236.0
1728860940, +3.52, +27.086,    -0.0, +1116.0,   +70.0,  +248.0
1728861540, +3.52, +27.078,    -0.0, +1046.0,   +46.0,  +384.0
1728862140, +3.52, +27.086,    +0.1, +1040.0,   +40.0,  +392.0
1728862740, +3.52, +27.086,    -0.0, +1052.0,   +44.0,  +385.0
1728863340, +3.52, +27.086,    -0.0, +1055.0,   +44.0,  +377.0
1728863940, +3.52, +27.094,    -0.0, +1120.0,   +72.0,  +236.0
1728864540, +3.52, +27.111,    +0.0, +1032.0,   +39.0,  +396.0
1728865140, +3.52, +27.119,    -0.1, +1097.0,   +64.0,  +294.0
1728865740, +3.52, +27.103,    +0.2, +1100.0,   +64.0,  +294.0
1728866340, +3.52, +27.103,    +0.1, +1052.0,   +40.0,  +384.0
1728866940, +3.52, +27.103,    -0.0, +1046.0,   +40.0,  +391.0
1728867540, +3.52, +27.119,    +0.0, +1116.0,   +72.0,  +240.0
1728868140, +3.52, +27.144,    +0.0, +1124.0,   +67.0,  +224.0
1728868740, +3.52, +27.144,    +0.1, +1043.0,   +38.0,  +396.0
1728869340, +3.52, +27.169,    -0.1, +1040.0,   +38.0,  +395.0
1728869940, +3.52, +27.177,    +0.0, +1065.0,   +48.0,  +368.0
1728870540, +3.52, +27.177,    -0.1, +1120.0,   +68.0,  +225.0
1728871140, +3.52, +27.177,    -0.0, +1056.0,   +44.0,  +376.0
1728871740, +3.52, +27.177,    -0.0, +1031.0,   +36.0,  +396.0
1728872340, +3.52, +27.194,    -0.1, +1043.0,   +39.0,  +384.0
1728872940, +3.52, +27.210,    +0.1, +1012.0,   +32.0,  +400.0
1728873540, +3.52, +27.235,    -0.0, +1040.0,   +40.0,  +396.0
1728874140, +3.52, +27.284,    -0.1, +1027.0,   +41.0,  +400.0
1728874740, +3.52, +27.350,    -0.1, +1134.0,   +64.0,  +216.0
1728875340, +3.52, +27.400,    +0.1, +1132.0,   +64.0,  +216.0
1728875940, +3.52, +27.424,    -0.0, +1044.0,   +40.0,  +390.0
