7530-303058
OS REV: 1.08 Sensor Cal: 1706256000 Averages: 30
Time (sec),  Bat (Volts),   T (deg C),  PAR (umol/(s m^2))  Ax (mg), Ay (mg), Az (mg)
1720350540, +3.54, +26.043,   +85.2, +1068.0,   +92.0,  +335.0
1720351140, +3.54, +26.052,   +67.6, +1071.0,   +88.0,  +332.0
1720351740, +3.54, +26.060,   +64.4, +1072.0,   +96.0,  +332.0
1720352340, +3.53, +26.068,   +92.2, +1070.0,  +108.0,  +336.0
1720352940, +3.54, +26.085,   +92.2, +1073.0,  +104.0,  +328.0
1720353540, +3.54, +26.110,   +90.4, +1068.0,  +103.0,  +328.0
1720354140, +3.54, +26.118,   +26.7, +1064.0,  +120.0,  +339.0
1720354740, +3.54, +26.209,   +90.5, +1064.0,  +128.0,  +344.0
1720355340, +3.54, +26.325,   +83.6, +1068.0,  +116.0,  +344.0
1720355940, +3.54, +26.416,   +78.5, +1068.0,  +112.0,  +348.0
1720356540, +3.54, +26.507,   +46.2, +1068.0,   +96.0,  +332.0
1720357140, +3.54, +26.582,   +71.4, +1059.0,  +110.0,  +358.0
1720357740, +3.54, +26.632,   +28.1, +1064.0,  +100.0,  +348.0
1720358340, +3.54, +26.640,   +65.6, +1063.0,   +88.0,  +352.0
1720358940, +3.54, +26.640,   +59.1, +1063.0,  +108.0,  +348.0
1720359540, +3.54, +26.640,   +34.2, +1064.0,   +96.0,  +348.0
1720360140, +3.54, +26.665,   +26.4, +1064.0,   +92.0,  +352.0
1720360740, +3.54, +26.632,   +24.3, +1065.0,   +80.0,  +344.0
1720361340, +3.54, +26.590,   +38.1, +1065.0,   +76.0,  +348.0
1720361940, +3.54, +26.499,   +32.1, +1068.0,   +79.0,  +339.0
1720362540, +3.54, +26.400,   +24.2, +1068.0,   +92.0,  +352.0
1720363140, +3.54, +26.391,   +22.4, +1068.0,   +80.0,  +342.0
1720363740, +3.54, +26.292,   +18.9, +1072.0,   +84.0,  +336.0
1720364340, +3.54, +26.217,   +15.3, +1070.0,   +80.0,  +342.0
1720364940, +3.54, +26.168,   +13.7, +1072.0,   +71.0,  +342.0
1720365540, +3.54, +26.151,   +10.5, +1072.0,   +88.0,  +344.0
1720366140, +3.54, +26.101,    +8.7, +1072.0,   +70.0,  +335.0
1720366740, +3.54, +26.093,    +6.0, +1072.0,   +86.0,  +334.0
1720367340, +3.54, +26.110,    +6.0, +1072.0,   +72.0,  +336.0
1720367940, +3.54, +26.135,    +5.4, +1073.0,   +76.0,  +334.0
1720368540, +3.54, +26.135,    +3.2, +1072.0,   +88.0,  +334.0
1720369140, +3.54, +26.168,    +2.3, +1072.0,   +72.0,  +338.0
1720369740, +3.54, +26.176,    +1.5, +1073.0,   +76.0,  +335.0
1720370340, +3.54, +26.176,    +1.0, +1068.0,   +88.0,  +339.0
1720370940, +3.54, +26.176,    +0.5, +1072.0,   +83.0,  +342.0
1720371540, +3.54, +26.168,    +0.2, +1072.0,   +92.0,  +342.0
1720372140, +3.54, +26.168,    -0.0, +1075.0,   +72.0,  +332.0
1720372740, +3.54, +26.159,    +0.1, +1072.0,   +72.0,  +344.0
1720373340, +3.54, +26.143,    +0.0, +1068.0,  +102.0,  +344.0
1720373940, +3.54, +26.143,    +0.0, +1072.0,   +80.0,  +336.0
1720374540, +3.54, +26.151,    -0.0, +1073.0,   +78.0,  +334.0
1720375140, +3.54, +26.159,    -0.1, +1072.0,   +83.0,  +332.0
1720375740, +3.54, +26.159,    +0.0, +1072.0,   +88.0,  +331.0
1720376340, +3.54, +26.168,    -0.0, +1070.0,   +79.0,  +339.0
1720376940, +3.54, +26.176,    -0.0, +1075.0,   +80.0,  +335.0
1720377540, +3.54, +26.201,    +0.0, +1072.0,   +88.0,  +339.0
1720378140, +3.54, +26.209,    -0.0, +1070.0,   +78.0,  +340.0
1720378740, +3.54, +26.234,    +0.0, +1068.0,   +80.0,  +344.0
1720379340, +3.54, +26.259,    -0.0, +1072.0,   +60.0,  +339.0
1720379940, +3.54, +26.267,    -0.1, +1065.0,   +80.0,  +352.0
1720380540, +3.54, +26.234,    +0.0, +1068.0,   +78.0,  +342.0
1720381140, +3.54, +26.275,    -0.0, +1072.0,   +80.0,  +334.0
1720381740, +3.54, +26.333,    +0.0, +1072.0,   +76.0,  +340.0
1720382340, +3.54, +26.284,    +0.0, +1068.0,   +72.0,  +344.0
1720382940, +3.54, +26.300,    +0.0, +1064.0,   +80.0,  +344.0
1720383540, +3.54, +26.367,    -0.1, +1068.0,   +88.0,  +342.0
1720384140, +3.54, +26.416,    -0.1, +1070.0,   +88.0,  +344.0
1720384740, +3.54, +26.483,    -0.0, +1065.0,   +76.0,  +348.0
1720385340, +3.54, +26.507,    -0.1, +1068.0,   +78.0,  +344.0
1720385940, +3.54, +26.499,    -0.1, +1063.0,   +76.0,  +344.0
1720386540, +3.54, +26.499,    -0.1, +1063.0,   +78.0,  +352.0
1720387140, +3.54, +26.491,    -0.1, +1068.0,   +72.0,  +336.0
1720387740, +3.54, +26.499,    +0.0, +1065.0,   +80.0,  +348.0
1720388340, +3.54, +26.516,    -0.1, +1064.0,   +80.0,  +348.0
1720388940, +3.54, +26.549,    -0.0, +1064.0,   +92.0,  +342.0
1720389540, +3.54, +26.541,    -0.1, +1065.0,   +96.0,  +344.0
1720390140, +3.54, +26.565,    +0.0, +1063.0,   +88.0,  +352.0
1720390740, +3.54, +26.582,    +0.0, +1064.0,   +72.0,  +344.0
1720391340, +3.54, +26.607,    -0.0, +1064.0,  +100.0,  +344.0
1720391940, +3.54, +26.623,    +0.0, +1063.0,   +88.0,  +352.0
1720392540, +3.54, +26.648,    +0.1, +1064.0,   +83.0,  +344.0
1720393140, +3.54, +26.665,    +0.1, +1065.0,   +92.0,  +342.0
1720393740, +3.54, +26.665,    -0.1, +1059.0,  +108.0,  +359.0
1720394340, +3.54, +26.673,    +0.1, +1062.0,   +99.0,  +352.0
1720394940, +3.54, +26.681,    -0.1, +1068.0,   +80.0,  +334.0
1720395540, +3.54, +26.706,    -0.0, +1065.0,   +88.0,  +344.0
1720396140, +3.54, +26.723,    +0.1, +1064.0,   +70.0,  +340.0
1720396740, +3.54, +26.723,    +0.0, +1059.0,   +89.0,  +352.0
1720397340, +3.54, +26.706,    -0.0, +1064.0,   +79.0,  +344.0
1720397940, +3.54, +26.723,    +0.0, +1062.0,   +52.0,  +348.0
1720398540, +3.54, +26.731,    -0.1, +1063.0,   +88.0,  +344.0
1720399140, +3.54, +26.739,    -0.1, +1068.0,   +86.0,  +344.0
1720399740, +3.54, +26.723,    +0.1, +1063.0,   +83.0,  +352.0
1720400340, +3.54, +26.739,    -0.1, +1063.0,   +72.0,  +344.0
1720400940, +3.54, +26.747,    +0.1, +1062.0,   +84.0,  +352.0
1720401540, +3.54, +26.764,    -0.1, +1064.0,   +79.0,  +344.0
1720402140, +3.54, +26.756,    +0.0, +1064.0,   +88.0,  +344.0
1720402740, +3.54, +26.772,    -0.0, +1068.0,   +76.0,  +332.0
1720403340, +3.54, +26.772,    +0.1, +1063.0,   +88.0,  +348.0
1720403940, +3.54, +26.772,    -0.1, +1060.0,   +99.0,  +359.0
1720404540, +3.54, +26.772,    -0.0, +1068.0,   +81.0,  +344.0
1720405140, +3.54, +26.764,    +0.0, +1064.0,   +79.0,  +342.0
1720405740, +3.54, +26.764,    -0.0, +1059.0,   +92.0,  +353.0
1720406340, +3.54, +26.756,    +0.1, +1063.0,   +71.0,  +352.0
1720406940, +3.54, +26.747,    +0.4, +1068.0,   +86.0,  +336.0
1720407540, +3.54, +26.731,    +0.9, +1065.0,   +80.0,  +336.0
1720408140, +3.54, +26.747,    +1.5, +1068.0,   +76.0,  +344.0
1720408740, +3.54, +26.739,    +2.6, +1063.0,   +80.0,  +352.0
1720409340, +3.54, +26.747,    +4.2, +1068.0,   +83.0,  +335.0
1720409940, +3.54, +26.739,    +6.0, +1065.0,   +88.0,  +348.0
1720410540, +3.54, +26.731,    +6.8, +1063.0,   +92.0,  +340.0
1720411140, +3.54, +26.723,    +8.8, +1063.0,   +96.0,  +348.0
1720411740, +3.54, +26.714,   +10.1, +1059.0,   +96.0,  +352.0
1720412340, +3.54, +26.723,   +11.5, +1065.0,   +96.0,  +344.0
1720412940, +3.54, +26.714,   +14.5, +1063.0,   +80.0,  +344.0
1720413540, +3.54, +26.747,   +15.2, +1068.0,   +96.0,  +344.0
1720414140, +3.54, +26.764,   +18.4, +1059.0,   +96.0,  +344.0
1720414740, +3.54, +26.772,   +21.0, +1060.0,   +96.0,  +344.0
1720415340, +3.54, +26.789,   +21.6, +1063.0,  +104.0,  +344.0
1720415940, +3.54, +26.805,   +23.8, +1063.0,  +112.0,  +339.0
1720416540, +3.54, +26.830,   +29.1, +1064.0,  +104.0,  +327.0
1720417140, +3.54, +26.838,   +15.2, +1059.0,  +103.0,  +344.0
1720417740, +3.54, +26.863,   +31.4, +1063.0,  +112.0,  +348.0
1720418340, +3.54, +26.871,   +37.5, +1059.0,  +108.0,  +355.0
1720418940, +3.54, +26.896,   +45.9, +1059.0,   +96.0,  +355.0
1720419540, +3.54, +26.913,   +42.9, +1062.0,   +96.0,  +348.0
1720420140, +3.54, +26.938,   +43.9, +1062.0,   +71.0,  +344.0
1720420740, +3.54, +27.012,   +53.5, +1059.0,   +92.0,  +355.0
1720421340, +3.54, +27.078,   +53.7, +1059.0,   +96.0,  +332.0
1720421940, +3.54, +27.128,   +54.5, +1057.0,   +83.0,  +352.0
1720422540, +3.54, +27.161,   +58.3, +1055.0,  +104.0,  +353.0
1720423140, +3.54, +27.202,   +56.6, +1060.0,   +88.0,  +352.0
1720423740, +3.54, +27.243,   +57.4, +1055.0,   +96.0,  +352.0
1720424340, +3.54, +27.309,   +59.6, +1057.0,  +104.0,  +348.0
1720424940, +3.54, +27.359,   +55.9, +1057.0,   +88.0,  +339.0
1720425540, +3.54, +27.400,   +59.8, +1055.0,  +120.0,  +364.0
1720426140, +3.54, +27.424,   +34.3, +1048.0,  +112.0,  +342.0
1720426740, +3.54, +27.466,   +58.6, +1048.0,  +128.0,  +348.0
1720427340, +3.54, +27.482,   +54.7, +1055.0,  +104.0,  +348.0
1720427940, +3.54, +27.507,   +55.3, +1048.0,  +124.0,  +369.0
1720428540, +3.54, +27.523,   +55.8, +1052.0,  +120.0,  +340.0
1720429140, +3.54, +27.548,   +55.9, +1052.0,  +112.0,  +358.0
1720429740, +3.54, +27.573,   +54.8, +1048.0,  +140.0,  +359.0
1720430340, +3.54, +27.597,   +55.4, +1052.0,   +88.0,  +359.0
1720430940, +3.54, +27.622,   +56.3, +1048.0,  +102.0,  +364.0
1720431540, +3.54, +27.647,   +58.2, +1048.0,   +97.0,  +369.0
1720432140, +3.54, +27.672,   +59.8, +1043.0,  +113.0,  +348.0
1720432740, +3.54, +27.704,   +62.5, +1048.0,   +88.0,  +360.0
1720433340, +3.54, +27.737,   +64.9, +1048.0,   +96.0,  +356.0
1720433940, +3.54, +27.762,   +68.1, +1048.0,  +112.0,  +371.0
1720434540, +3.54, +27.795,   +69.9, +1040.0,  +131.0,  +364.0
1720435140, +3.54, +27.820,   +73.6, +1052.0,   +96.0,  +360.0
1720435740, +3.54, +27.844,   +74.8, +1041.0,  +128.0,  +368.0
1720436340, +3.54, +27.885,   +80.0, +1040.0,  +112.0,  +384.0
1720436940, +3.54, +27.918,   +84.3, +1046.0,   +96.0,  +358.0
