7530-303058
OS REV: 1.08 Sensor Cal: 1706256000 Averages: 30
Time (sec),  Bat (Volts),   T (deg C),  PAR (umol/(s m^2))  Ax (mg), Ay (mg), Az (mg)
1733574540, +3.49, +21.663,    +0.2,  +998.0,  +102.0,  +435.0
1733575140, +3.49, +21.646,    +0.3,  +998.0,   +92.0,  +451.0
1733575740, +3.49, +21.655,    +0.2,  +998.0,   +96.0,  +432.0
1733576340, +3.49, +21.655,    +0.0,  +999.0,   +92.0,  +435.0
1733576940, +3.49, +21.655,    +0.1,  +995.0,   +96.0,  +432.0
1733577540, +3.49, +21.672,    +0.0,  +995.0,  +107.0,  +446.0
1733578140, +3.49, +21.680,    +0.1,  +999.0,   +88.0,  +438.0
1733578740, +3.49, +21.680,    +0.1,  +995.0,  +115.0,  +448.0
1733579340, +3.49, +21.680,    +0.1,  +999.0,   +92.0,  +440.0
1733579940, +3.49, +21.688,    -0.1,  +992.0,  +120.0,  +448.0
1733580540, +3.49, +21.688,    +0.0, +1142.0,  +126.0,  +255.0
1733581140, +3.49, +21.680,    -0.0, +1148.0,   +95.0,  +255.0
1733581740, +3.49, +21.697,    +0.1,  +995.0,  +120.0,  +446.0
1733582340, +3.49, +21.697,    +0.0,  +999.0,   +94.0,  +444.0
1733582940, +3.49, +21.713,    -0.0,  +999.0,   +78.0,  +432.0
1733583540, +3.49, +21.705,    -0.0,  +998.0,   +97.0,  +444.0
1733584140, +3.49, +21.713,    -0.0,  +993.0,  +108.0,  +454.0
1733584740, +3.49, +21.705,    -0.1,  +999.0,   +99.0,  +431.0
1733585340, +3.49, +21.705,    -0.1,  +999.0,   +96.0,  +440.0
1733585940, +3.49, +21.713,    +0.0,  +996.0,   +96.0,  +432.0
1733586540, +3.49, +21.713,    +0.0,  +995.0,  +108.0,  +448.0
1733587140, +3.49, +21.713,    -0.0,  +992.0,  +123.0,  +448.0
1733587740, +3.49, +21.713,    -0.0,  +998.0,  +103.0,  +440.0
1733588340, +3.49, +21.697,    -0.0,  +998.0,   +96.0,  +438.0
1733588940, +3.49, +21.705,    -0.0,  +998.0,  +103.0,  +432.0
1733589540, +3.49, +21.697,    +0.0,  +999.0,   +92.0,  +430.0
1733590140, +3.49, +21.713,    -0.0,  +999.0,   +80.0,  +448.0
1733590740, +3.50, +21.705,    +0.1,  +999.0,   +99.0,  +433.0
1733591340, +3.49, +21.697,    -0.1,  +998.0,  +102.0,  +444.0
1733591940, +3.49, +21.705,    +0.1,  +999.0,   +89.0,  +446.0
1733592540, +3.49, +21.705,    -0.0,  +999.0,   +96.0,  +432.0
1733593140, +3.49, +21.705,    -0.0,  +999.0,   +86.0,  +440.0
1733593740, +3.50, +21.697,    -0.0,  +999.0,   +96.0,  +435.0
1733594340, +3.49, +21.713,    +0.0,  +999.0,   +88.0,  +439.0
1733594940, +3.49, +21.705,    -0.0, +1000.0,   +57.0,  +430.0
1733595540, +3.49, +21.697,    -0.1,  +999.0,   +96.0,  +432.0
1733596140, +3.49, +21.697,    +0.0, +1075.0,  +112.0,  +374.0
1733596740, +3.49, +21.688,    -0.1, +1144.0,  +103.0,  +287.0
1733597340, +3.50, +21.680,    +0.1, +1000.0,   +64.0,  +435.0
1733597940, +3.49, +21.680,    +0.0, +1144.0,  +107.0,  +271.0
1733598540, +3.49, +21.680,    +0.2, +1001.0,   +62.0,  +440.0
1733599140, +3.49, +21.680,    +0.0, +1001.0,   +76.0,  +451.0
1733599740, +3.49, +21.680,    +0.0,  +998.0,   +83.0,  +446.0
1733600340, +3.49, +21.680,    -0.0, +1000.0,   +60.0,  +435.0
1733600940, +3.49, +21.680,    -0.1, +1000.0,   +73.0,  +425.0
1733601540, +3.49, +21.672,    +0.0, +1000.0,   +78.0,  +444.0
1733602140, +3.49, +21.672,    +0.0,  +999.0,   +81.0,  +440.0
1733602740, +3.49, +21.680,    -0.0, +1000.0,   +73.0,  +440.0
1733603340, +3.49, +21.688,    +0.0, +1004.0,   +47.0,  +432.0
1733603940, +3.49, +21.680,    +0.0, +1001.0,   +54.0,  +440.0
1733604540, +3.50, +21.672,    -0.1, +1004.0,   +71.0,  +440.0
1733605140, +3.49, +21.672,    +0.0,  +999.0,   +51.0,  +438.0
1733605740, +3.49, +21.688,    -0.1, +1001.0,   +49.0,  +435.0
1733606340, +3.50, +21.688,    +0.0, +1001.0,   +48.0,  +439.0
1733606940, +3.49, +21.697,    -0.0,  +999.0,   +60.0,  +432.0
1733607540, +3.50, +21.697,    -0.1, +1150.0,   +79.0,  +255.0
1733608140, +3.50, +21.705,    -0.0, +1148.0,   +67.0,  +255.0
1733608740, +3.49, +21.697,    +0.1, +1152.0,   +54.0,  +255.0
1733609340, +3.49, +21.697,    -0.1, +1004.0,   +41.0,  +435.0
1733609940, +3.50, +21.705,    -0.0, +1004.0,   +35.0,  +433.0
1733610540, +3.49, +21.705,    +0.0, +1000.0,   +56.0,  +428.0
1733611140, +3.49, +21.705,    +0.0, +1004.0,   +48.0,  +432.0
1733611740, +3.50, +21.705,    -0.1, +1000.0,   +48.0,  +428.0
1733612340, +3.50, +21.697,    -0.1, +1001.0,   +49.0,  +435.0
1733612940, +3.50, +21.705,    +0.0, +1004.0,   +39.0,  +424.0
1733613540, +3.49, +21.722,    -0.0,  +999.0,   +56.0,  +423.0
1733614140, +3.50, +21.713,    -0.0, +1004.0,   +55.0,  +436.0
1733614740, +3.49, +21.730,    -0.1, +1004.0,   +51.0,  +432.0
1733615340, +3.49, +21.722,    +0.0, +1004.0,   +44.0,  +428.0
1733615940, +3.50, +21.713,    -0.0, +1004.0,   +44.0,  +430.0
1733616540, +3.49, +21.722,    +0.0, +1004.0,   +40.0,  +438.0
1733617140, +3.50, +21.722,    -0.1,  +999.0,   +63.0,  +435.0
1733617740, +3.49, +21.730,    +0.0, +1151.0,   +63.0,  +255.0
1733618340, +3.49, +21.739,    -0.0, +1004.0,   +32.0,  +432.0
1733618940, +3.49, +21.739,    -0.1, +1004.0,   +39.0,  +428.0
1733619540, +3.50, +21.739,    -0.1, +1080.0,   +56.0,  +384.0
1733620140, +3.49, +21.739,    +0.1, +1001.0,   +44.0,  +438.0
1733620740, +3.50, +21.739,    -0.1, +1004.0,   +30.0,  +432.0
1733621340, +3.49, +21.747,    -0.0, +1004.0,   +39.0,  +432.0
1733621940, +3.49, +21.747,    -0.1, +1001.0,   +40.0,  +433.0
1733622540, +3.49, +21.755,    -0.1, +1000.0,   +51.0,  +435.0
1733623140, +3.49, +21.739,    +0.0, +1004.0,   +40.0,  +432.0
1733623740, +3.50, +21.755,    -0.0, +1001.0,   +48.0,  +438.0
1733624340, +3.49, +21.747,    +0.0, +1151.0,   +61.0,  +249.0
1733624940, +3.49, +21.764,    +0.0, +1084.0,   +48.0,  +368.0
1733625540, +3.50, +21.755,    -0.1, +1001.0,   +40.0,  +435.0
1733626140, +3.50, +21.747,    +0.0, +1084.0,   +72.0,  +359.0
1733626740, +3.49, +21.755,    -0.1, +1004.0,   +48.0,  +438.0
1733627340, +3.49, +21.755,    -0.1, +1001.0,   +44.0,  +430.0
1733627940, +3.50, +21.755,    +0.0, +1151.0,   +43.0,  +255.0
1733628540, +3.50, +21.764,    -0.1, +1084.0,   +60.0,  +371.0
1733629140, +3.49, +21.755,    +0.0, +1004.0,   +44.0,  +430.0
1733629740, +3.50, +21.755,    -0.0, +1148.0,   +60.0,  +255.0
1733630340, +3.50, +21.755,    -0.0, +1001.0,   +44.0,  +423.0
1733630940, +3.50, +21.764,    -0.0, +1084.0,   +72.0,  +356.0
1733631540, +3.49, +21.764,    +0.0, +1087.0,   +67.0,  +364.0
1733632140, +3.50, +21.764,    -0.1, +1001.0,   +48.0,  +415.0
1733632740, +3.49, +21.772,    -0.1, +1080.0,   +83.0,  +360.0
1733633340, +3.49, +21.781,    -0.0, +1080.0,   +80.0,  +372.0
1733633940, +3.50, +21.781,    +0.1, +1000.0,   +56.0,  +432.0
1733634540, +3.50, +21.781,    +0.1, +1080.0,   +76.0,  +371.0
1733635140, +3.50, +21.781,    +0.1, +1081.0,   +71.0,  +376.0
1733635740, +3.49, +21.781,    +0.0, +1000.0,   +54.0,  +432.0
1733636340, +3.49, +21.789,    +0.1, +1148.0,   +63.0,  +255.0
1733636940, +3.50, +21.772,    +0.1, +1000.0,   +48.0,  +430.0
1733637540, +3.50, +21.772,    +0.1, +1080.0,   +72.0,  +384.0
1733638140, +3.50, +21.781,    +0.2, +1081.0,   +80.0,  +368.0
1733638740, +3.49, +21.772,    +0.1, +1080.0,   +86.0,  +384.0
1733639340, +3.50, +21.772,    +0.2, +1080.0,   +83.0,  +371.0
1733639940, +3.50, +21.764,    +0.2, +1080.0,   +73.0,  +360.0
1733640540, +3.49, +21.781,    +0.3,  +999.0,   +57.0,  +432.0
1733641140, +3.49, +21.781,    +0.3, +1086.0,   +92.0,  +352.0
1733641740, +3.50, +21.772,    +0.3, +1004.0,   +62.0,  +424.0
1733642340, +3.49, +21.781,    +0.3, +1001.0,   +60.0,  +431.0
1733642940, +3.50, +21.764,    +0.3, +1084.0,   +84.0,  +368.0
1733643540, +3.49, +21.764,    +0.3, +1000.0,   +67.0,  +423.0
1733644140, +3.50, +21.764,    +0.3,  +999.0,   +71.0,  +423.0
1733644740, +3.50, +21.772,    +0.2, +1078.0,   +96.0,  +368.0
1733645340, +3.49, +21.764,    +0.3, +1003.0,   +51.0,  +440.0
1733645940, +3.49, +21.764,    +0.3, +1150.0,   +64.0,  +279.0
1733646540, +3.49, +21.755,    +0.4,  +999.0,   +56.0,  +432.0
1733647140, +3.49, +21.764,    +0.5, +1086.0,   +80.0,  +368.0
1733647740, +3.49, +21.764,    +0.3, +1001.0,   +56.0,  +435.0
1733648340, +3.49, +21.764,    +0.4, +1081.0,   +80.0,  +372.0
1733648940, +3.49, +21.755,    +0.4,  +999.0,   +63.0,  +428.0
1733649540, +3.49, +21.755,    +0.4, +1001.0,   +57.0,  +440.0
1733650140, +3.50, +21.755,    +0.6, +1004.0,   +56.0,  +441.0
1733650740, +3.50, +21.755,    +0.3, +1001.0,   +63.0,  +430.0
1733651340, +3.49, +21.755,    +0.2, +1001.0,   +48.0,  +440.0
1733651940, +3.50, +21.764,    +0.4, +1001.0,   +63.0,  +428.0
1733652540, +3.49, +21.755,    +0.2,  +999.0,   +62.0,  +451.0
1733653140, +3.50, +21.730,    +0.2, +1001.0,   +57.0,  +446.0
1733653740, +3.49, +21.739,    +0.2, +1000.0,   +76.0,  +433.0
1733654340, +3.49, +21.722,    +0.1,  +999.0,   +60.0,  +439.0
1733654940, +3.50, +21.730,    +0.2, +1000.0,   +72.0,  +440.0
1733655540, +3.49, +21.705,    +0.2, +1001.0,   +60.0,  +428.0
1733656140, +3.50, +21.713,    +0.1, +1000.0,   +56.0,  +430.0
1733656740, +3.50, +21.713,    +0.2, +1001.0,   +56.0,  +440.0
1733657340, +3.49, +21.713,    +0.1, +1000.0,   +67.0,  +435.0
1733657940, +3.50, +21.688,    +0.2,  +999.0,   +76.0,  +460.0
1733658540, +3.49, +21.705,    +0.1, +1004.0,   +48.0,  +444.0
1733659140, +3.50, +21.705,    +0.3, +1004.0,   +48.0,  +444.0
1733659740, +3.49, +21.697,    +0.1,  +999.0,   +92.0,  +448.0
1733660340, +3.49, +21.697,    +0.1,  +999.0,   +73.0,  +448.0
1733660940, +3.50, +21.688,    +0.2,  +999.0,   +81.0,  +451.0
