7530-303058
OS REV: 1.08 Sensor Cal: 1706256000 Averages: 30
Time (sec),  Bat (Volts),   T (deg C),  PAR (umol/(s m^2))  Ax (mg), Ay (mg), Az (mg)
1724526540, +3.53, +28.017,    -0.1, +1112.0,  +152.0,  +230.0
1724527140, +3.53, +27.992,    -0.1, +1036.0,  +120.0,  +404.0
1724527740, +3.53, +27.959,    -0.0, +1017.0,  +110.0,  +398.0
1724528340, +3.53, +27.910,    +0.0, +1126.0,  +140.0,  +204.0
1724528940, +3.53, +27.869,    -0.0, +1000.0,   +99.0,  +392.0
1724529540, +3.53, +27.762,    -0.1, +1032.0,  +112.0,  +384.0
1724530140, +3.53, +27.589,    -0.1, +1025.0,   +99.0,  +384.0
1724530740, +3.53, +27.334,    -0.0, +1040.0,  +103.0,  +384.0
1724531340, +3.53, +27.243,    +0.0, +1039.0,  +110.0,  +368.0
1724531940, +3.53, +27.185,    +0.0, +1038.0,  +108.0,  +384.0
1724532540, +3.53, +27.103,    -0.1, +1048.0,  +113.0,  +368.0
1724533140, +3.53, +27.070,    +0.0, +1039.0,  +112.0,  +384.0
1724533740, +3.53, +27.053,    -0.0, +1039.0,  +126.0,  +380.0
1724534340, +3.53, +27.061,    -0.1, +1036.0,  +124.0,  +388.0
1724534940, +3.53, +27.061,    +0.0, +1039.0,  +128.0,  +376.0
1724535540, +3.53, +27.078,    +0.0, +1033.0,  +150.0,  +400.0
1724536140, +3.53, +27.119,    +0.0, +1041.0,  +128.0,  +380.0
1724536740, +3.53, +27.177,    +0.0, +1039.0,  +134.0,  +390.0
1724537340, +3.53, +27.227,    -0.0, +1036.0,  +142.0,  +392.0
1724537940, +3.53, +27.284,    +0.1, +1033.0,  +128.0,  +376.0
1724538540, +3.53, +27.293,    -0.1, +1031.0,  +166.0,  +393.0
1724539140, +3.53, +27.350,    +0.1, +1032.0,  +156.0,  +384.0
1724539740, +3.53, +27.383,    -0.1, +1009.0,  +158.0,  +416.0
1724540340, +3.53, +27.400,    -0.0, +1112.0,  +192.0,  +240.0
1724540940, +3.53, +27.416,    -0.0, +1024.0,  +156.0,  +412.0
1724541540, +3.53, +27.466,    -0.1, +1105.0,  +192.0,  +230.0
1724542140, +3.53, +27.490,    +0.0, +1107.0,  +192.0,  +204.0
1724542740, +3.53, +27.523,    +0.0, +1103.0,  +198.0,  +216.0
1724543340, +3.53, +27.573,    -0.0, +1073.0,  +192.0,  +304.0
1724543940, +3.53, +27.688,    +0.1, +1032.0,  +156.0,  +399.0
1724544540, +3.53, +27.663,    -0.1, +1031.0,  +131.0,  +396.0
1724545140, +3.53, +27.713,    -0.2, +1012.0,  +126.0,  +424.0
1724545740, +3.53, +27.762,    -0.1, +1091.0,  +152.0,  +270.0
1724546340, +3.53, +27.803,    -0.1, +1008.0,  +156.0,  +380.0
1724546940, +3.53, +27.828,    +0.0, +1016.0,  +140.0,  +398.0
1724547540, +3.53, +27.877,    +0.1, +1004.0,  +118.0,  +400.0
1724548140, +3.53, +27.918,    -0.1, +1001.0,  +120.0,  +387.0
1724548740, +3.53, +27.910,    +0.0, +1116.0,  +148.0,  +224.0
1724549340, +3.53, +27.885,    -0.1, +1028.0,  +116.0,  +390.0
1724549940, +3.53, +27.853,    +0.1, +1004.0,  +108.0,  +387.0
1724550540, +3.53, +27.828,    +0.1, +1056.0,  +120.0,  +358.0
1724551140, +3.53, +27.770,    -0.0, +1024.0,   +96.0,  +384.0
1724551740, +3.53, +27.729,    -0.2, +1014.0,   +88.0,  +388.0
1724552340, +3.53, +27.680,    +0.0, +1048.0,   +99.0,  +368.0
1724552940, +3.53, +27.663,    -0.0, +1024.0,   +96.0,  +392.0
1724553540, +3.53, +27.655,    -0.1,  +996.0,   +92.0,  +387.0
1724554140, +3.53, +27.655,    -0.1, +1024.0,  +103.0,  +387.0
1724554740, +3.53, +27.647,    +0.0, +1032.0,  +108.0,  +380.0
1724555340, +3.53, +27.630,    +0.0, +1055.0,  +104.0,  +364.0
1724555940, +3.53, +27.614,    -0.0, +1033.0,  +112.0,  +384.0
1724556540, +3.53, +27.581,    +0.1, +1107.0,  +156.0,  +240.0
1724557140, +3.53, +27.614,    -0.1, +1048.0,  +131.0,  +376.0
1724557740, +3.53, +27.622,    +0.1, +1072.0,  +140.0,  +332.0
1724558340, +3.53, +27.630,    +0.3, +1075.0,  +144.0,  +318.0
1724558940, +3.53, +27.655,    +0.4, +1080.0,  +140.0,  +312.0
1724559540, +3.53, +27.672,    +0.5, +1055.0,  +128.0,  +368.0
1724560140, +3.53, +27.655,    +0.9, +1031.0,  +110.0,  +387.0
1724560740, +3.53, +27.655,    +0.9, +1030.0,  +108.0,  +396.0
1724561340, +3.53, +27.655,    +1.0, +1096.0,  +129.0,  +272.0
1724561940, +3.53, +27.663,    +1.4, +1040.0,   +96.0,  +384.0
1724562540, +3.53, +27.663,    +1.8, +1118.0,  +128.0,  +230.0
1724563140, +3.53, +27.663,    +2.0, +1081.0,  +108.0,  +316.0
1724563740, +3.53, +27.663,    +2.2, +1036.0,   +92.0,  +390.0
1724564340, +3.53, +27.655,    +2.4, +1120.0,  +120.0,  +224.0
1724564940, +3.53, +27.614,    +2.8, +1120.0,  +124.0,  +227.0
1724565540, +3.53, +27.614,    +2.9, +1116.0,  +120.0,  +230.0
1724566140, +3.53, +27.606,    +3.4, +1112.0,  +120.0,  +240.0
1724566740, +3.53, +27.581,    +3.8, +1110.0,  +116.0,  +243.0
1724567340, +3.53, +27.589,    +1.8, +1038.0,   +88.0,  +396.0
1724567940, +3.53, +27.614,    +4.5, +1112.0,  +120.0,  +232.0
1724568540, +3.53, +27.630,    +4.4, +1112.0,  +112.0,  +236.0
1724569140, +3.53, +27.647,    +5.1, +1084.0,  +102.0,  +324.0
1724569740, +3.53, +27.647,    +4.8, +1038.0,   +79.0,  +392.0
1724570340, +3.53, +27.639,    +4.9, +1112.0,  +112.0,  +243.0
1724570940, +3.53, +27.630,    +4.9, +1059.0,   +86.0,  +371.0
1724571540, +3.53, +27.655,    +5.4, +1059.0,   +86.0,  +372.0
1724572140, +3.53, +27.655,    +5.5, +1057.0,   +88.0,  +368.0
1724572740, +3.53, +27.672,    +6.0, +1072.0,   +96.0,  +344.0
1724573340, +3.53, +27.688,    +6.0, +1043.0,   +83.0,  +391.0
1724573940, +3.53, +27.721,    +6.1, +1092.0,  +108.0,  +291.0
1724574540, +3.53, +27.828,    +6.1, +1014.0,   +78.0,  +396.0
1724575140, +3.53, +27.885,    +6.2, +1008.0,   +76.0,  +400.0
1724575740, +3.53, +27.935,    +6.4,  +999.0,   +73.0,  +398.0
1724576340, +3.53, +27.943,    +6.1, +1120.0,  +116.0,  +224.0
1724576940, +3.53, +27.984,    +5.9, +1006.0,   +79.0,  +396.0
1724577540, +3.53, +28.025,    +5.7, +1127.0,  +108.0,  +208.0
1724578140, +3.53, +28.050,    +5.4, +1112.0,  +120.0,  +248.0
1724578740, +3.53, +28.083,    +5.6, +1112.0,  +120.0,  +240.0
1724579340, +3.53, +28.066,    +5.6, +1008.0,   +76.0,  +396.0
1724579940, +3.53, +28.083,    +5.2, +1142.0,   +83.0,  +231.0
1724580540, +3.53, +28.083,    +1.3, +1036.0,   +81.0,  +392.0
1724581140, +3.53, +28.083,    +5.5, +1027.0,   +76.0,  +398.0
1724581740, +3.53, +28.074,    +5.2, +1112.0,  +108.0,  +240.0
1724582340, +3.53, +28.058,    +5.4, +1139.0,   +72.0,  +200.0
1724582940, +3.53, +28.025,    +5.0, +1012.0,   +64.0,  +400.0
1724583540, +3.53, +28.025,    +5.4, +1121.0,   +96.0,  +220.0
1724584140, +3.53, +28.009,    +5.1, +1028.0,   +71.0,  +403.0
1724584740, +3.53, +28.017,    +5.1, +1120.0,   +96.0,  +230.0
1724585340, +3.53, +28.017,    +5.1, +1123.0,   +96.0,  +224.0
1724585940, +3.53, +28.025,    +5.1, +1116.0,  +104.0,  +243.0
1724586540, +3.54, +28.058,    +4.8, +1110.0,  +112.0,  +256.0
1724587140, +3.53, +28.165,    +4.6, +1016.0,   +79.0,  +400.0
1724587740, +3.53, +28.255,    +4.4, +1057.0,  +102.0,  +366.0
1724588340, +3.53, +28.337,    +4.5, +1112.0,  +120.0,  +240.0
1724588940, +3.53, +28.427,    +4.7, +1020.0,   +96.0,  +406.0
1724589540, +3.54, +28.550,    +4.3, +1126.0,  +120.0,  +216.0
1724590140, +3.54, +28.615,    +4.2, +1140.0,   +99.0,  +235.0
1724590740, +3.54, +28.697,    +4.0, +1127.0,  +124.0,  +216.0
1724591340, +3.54, +28.819,    +3.8, +1112.0,  +124.0,  +236.0
1724591940, +3.53, +29.015,    +3.6, +1049.0,  +104.0,  +384.0
1724592540, +3.54, +29.170,    +3.5, +1004.0,   +83.0,  +403.0
1724593140, +3.54, +29.300,    +3.2, +1113.0,  +131.0,  +238.0
1724593740, +3.54, +29.406,    +3.0, +1080.0,  +104.0,  +327.0
1724594340, +3.54, +29.455,    +3.1, +1088.0,  +112.0,  +304.0
1724594940, +3.54, +29.455,    +2.6, +1084.0,  +100.0,  +320.0
1724595540, +3.54, +29.398,    +2.3, +1107.0,  +108.0,  +243.0
1724596140, +3.54, +29.341,    +2.2, +1136.0,   +80.0,  +204.0
1724596740, +3.54, +29.243,    +1.8, +1123.0,  +104.0,  +212.0
1724597340, +3.54, +29.146,    +1.6, +1004.0,   +76.0,  +399.0
1724597940, +3.54, +29.080,    +1.3, +1009.0,   +76.0,  +396.0
1724598540, +3.54, +29.048,    +1.1, +1024.0,   +76.0,  +392.0
1724599140, +3.54, +29.015,    +1.0, +1011.0,   +71.0,  +396.0
1724599740, +3.54, +28.999,    +1.2, +1032.0,   +76.0,  +390.0
1724600340, +3.54, +29.007,    +0.9, +1048.0,   +78.0,  +380.0
1724600940, +3.54, +29.032,    +0.7, +1031.0,   +72.0,  +396.0
1724601540, +3.54, +29.032,    +0.4, +1017.0,   +71.0,  +399.0
1724602140, +3.54, +29.048,    +0.2, +1049.0,   +76.0,  +376.0
1724602740, +3.54, +29.048,    +0.1, +1095.0,   +96.0,  +290.0
1724603340, +3.54, +28.999,    +0.1, +1006.0,   +57.0,  +392.0
1724603940, +3.54, +28.958,    +0.0, +1052.0,   +72.0,  +368.0
1724604540, +3.54, +28.942,    +0.0, +1027.0,   +72.0,  +390.0
1724605140, +3.54, +28.901,    +0.0, +1052.0,   +81.0,  +369.0
1724605740, +3.54, +28.844,    -0.0, +1054.0,   +70.0,  +380.0
1724606340, +3.54, +28.762,    -0.1, +1116.0,   +96.0,  +236.0
1724606940, +3.54, +28.656,    +0.1, +1121.0,   +92.0,  +225.0
1724607540, +3.54, +28.623,    +0.0, +1123.0,   +88.0,  +214.0
1724608140, +3.54, +28.591,    -0.1, +1008.0,   +54.0,  +399.0
1724608740, +3.54, +28.615,    -0.1, +1131.0,   +83.0,  +216.0
1724609340, +3.54, +28.623,    -0.0, +1108.0,   +96.0,  +252.0
1724609940, +3.54, +28.689,    -0.1, +1118.0,  +108.0,  +228.0
1724610540, +3.54, +28.713,    -0.0, +1110.0,  +112.0,  +252.0
1724611140, +3.54, +28.738,    +0.0, +1100.0,  +103.0,  +272.0
1724611740, +3.54, +28.746,    +0.1, +1112.0,  +112.0,  +236.0
1724612340, +3.54, +28.770,    -0.0, +1132.0,   +96.0,  +212.0
1724612940, +3.54, +28.795,    -0.1, +1097.0,  +120.0,  +272.0
