7530-303058
OS REV: 1.08 Sensor Cal: 1706256000 Averages: 30
Time (sec),  Bat (Volts),   T (deg C),  PAR (umol/(s m^2))  Ax (mg), Ay (mg), Az (mg)
1726353540, +3.53, +27.375,    -0.1, +1004.0,   +19.0,  +376.0
1726354140, +3.53, +27.532,    +0.1, +1016.0,   -13.0,  +396.0
1726354740, +3.53, +27.680,    -0.0, +1104.0,   +76.0,  +264.0
1726355340, +3.53, +27.779,    +0.2, +1063.0,   +19.0,  +369.0
1726355940, +3.53, +27.795,    +0.1, +1039.0,   +40.0,  +388.0
1726356540, +3.53, +27.836,    +0.1, +1072.0,   +30.0,  +352.0
1726357140, +3.53, +27.811,    +0.1, +1112.0,   +86.0,  +232.0
1726357740, +3.53, +27.754,    -0.1, +1062.0,   +48.0,  +356.0
1726358340, +3.53, +27.721,    -0.1, +1063.0,   +36.0,  +352.0
1726358940, +3.53, +27.688,    -0.0, +1020.0,   +32.0,  +384.0
1726359540, +3.53, +27.704,    -0.1, +1004.0,    +3.0,  +384.0
1726360140, +3.53, +27.663,    +0.0, +1112.0,   +64.0,  +248.0
1726360740, +3.53, +27.540,    +0.0, +1127.0,   +81.0,  +208.0
1726361340, +3.53, +27.301,    -0.1, +1030.0,   +24.0,  +392.0
1726361940, +3.53, +27.301,    +0.0, +1032.0,   +14.0,  +391.0
1726362540, +3.53, +27.309,    +0.1, +1040.0,   +51.0,  +391.0
1726363140, +3.53, +27.400,    +0.1, +1055.0,   +44.0,  +372.0
1726363740, +3.53, +27.556,    +0.1, +1027.0,   +33.0,  +391.0
1726364340, +3.53, +27.639,    +0.1, +1126.0,   +64.0,  +210.0
1726364940, +3.53, +27.639,    -0.1, +1120.0,   +96.0,  +220.0
1726365540, +3.53, +27.251,    -0.0, +1118.0,   +99.0,  +231.0
1726366140, +3.53, +27.078,    +0.0, +1040.0,   +19.0,  +391.0
1726366740, +3.53, +27.061,    +0.1, +1136.0,   +44.0,  +200.0
1726367340, +3.53, +27.194,    +0.1, +1105.0,   +96.0,  +252.0
1726367940, +3.53, +27.161,    -0.1, +1127.0,   +40.0,  +214.0
1726368540, +3.53, +27.235,    -0.0, +1039.0,   +40.0,  +388.0
1726369140, +3.53, +27.037,    -0.1, +1128.0,   +16.0,  +204.0
1726369740, +3.53, +26.847,    +0.1, +1039.0,   +44.0,  +384.0
1726370340, +3.53, +26.805,    +0.1, +1039.0,    +7.0,  +376.0
1726370940, +3.53, +27.144,    -0.0, +1112.0,   +88.0,  +243.0
1726371540, +3.53, +26.987,    +0.0, +1004.0,   +54.0,  +384.0
1726372140, +3.53, +26.904,    -0.1, +1033.0,   +44.0,  +384.0
1726372740, +3.53, +26.871,    +0.0, +1123.0,   +80.0,  +208.0
1726373340, +3.53, +26.863,    +0.1, +1039.0,   +62.0,  +384.0
1726373940, +3.53, +26.863,    +0.3, +1046.0,   +44.0,  +385.0
1726374540, +3.53, +26.822,    +0.1, +1041.0,   +72.0,  +384.0
1726375140, +3.53, +26.747,    +0.1, +1048.0,   +88.0,  +364.0
1726375740, +3.53, +26.764,    +0.2, +1039.0,   +56.0,  +387.0
1726376340, +3.53, +26.780,    +0.3, +1038.0,   +56.0,  +392.0
1726376940, +3.53, +26.805,    +0.6, +1036.0,   +60.0,  +392.0
1726377540, +3.53, +26.814,    +0.6, +1048.0,   +51.0,  +380.0
1726378140, +3.53, +27.119,    +0.6, +1091.0,   +70.0,  +310.0
1726378740, +3.53, +27.655,    +0.7, +1100.0,   +71.0,  +278.0
1726379340, +3.53, +27.844,    +0.7, +1112.0,   +80.0,  +256.0
1726379940, +3.53, +27.795,    +1.1, +1120.0,   +80.0,  +224.0
1726380540, +3.53, +27.811,    +0.9, +1104.0,   +72.0,  +256.0
1726381140, +3.53, +27.820,    +1.0, +1104.0,   +76.0,  +262.0
1726381740, +3.53, +27.573,    +1.3, +1033.0,   +38.0,  +380.0
1726382340, +3.53, +27.111,    +1.2, +1092.0,  +104.0,  +272.0
1726382940, +3.53, +27.086,    +1.5, +1123.0,   +78.0,  +216.0
1726383540, +3.53, +27.194,    +1.4, +1049.0,   +72.0,  +352.0
1726384140, +3.53, +27.317,    +1.3, +1039.0,   +64.0,  +384.0
1726384740, +3.53, +27.342,    +1.7, +1020.0,   +86.0,  +391.0
1726385340, +3.53, +27.375,    +1.9, +1104.0,  +115.0,  +270.0
1726385940, +3.53, +27.474,    +2.0, +1027.0,   +40.0,  +380.0
1726386540, +3.53, +27.490,    +2.1, +1008.0,   +44.0,  +392.0
1726387140, +3.53, +27.474,    +0.5, +1016.0,    +8.0,  +368.0
1726387740, +3.53, +27.449,    +2.3, +1032.0,   +62.0,  +384.0
1726388340, +3.53, +27.433,    +2.5, +1103.0,   +88.0,  +268.0
1726388940, +3.53, +27.408,    +2.5, +1020.0,   +46.0,  +374.0
1726389540, +3.53, +27.383,    +2.8, +1020.0,   +44.0,  +377.0
1726390140, +3.53, +27.359,    +2.9, +1032.0,   +51.0,  +372.0
1726390740, +3.53, +27.342,    +3.2, +1039.0,   +28.0,  +387.0
1726391340, +3.53, +27.359,    +3.6, +1016.0,   +48.0,  +392.0
1726391940, +3.53, +27.383,    +3.4, +1024.0,   +41.0,  +387.0
1726392540, +3.53, +27.375,    +3.8, +1027.0,   +40.0,  +385.0
1726393140, +3.53, +27.375,    +3.9, +1055.0,   +54.0,  +355.0
1726393740, +3.53, +27.375,    +4.2, +1031.0,   +38.0,  +384.0
1726394340, +3.53, +27.359,    +4.2, +1120.0,   +76.0,  +208.0
1726394940, +3.53, +27.350,    +4.4, +1007.0,   +64.0,  +376.0
1726395540, +3.53, +27.326,    +4.4, +1039.0,   +19.0,  +376.0
1726396140, +3.53, +27.293,    +4.8, +1030.0,   +71.0,  +390.0
1726396740, +3.53, +27.293,    +4.8, +1038.0,   +72.0,  +390.0
1726397340, +3.53, +27.284,    +5.0, +1052.0,   +56.0,  +360.0
1726397940, +3.53, +27.293,    +4.8, +1039.0,   +32.0,  +380.0
1726398540, +3.53, +27.276,    +4.9, +1112.0,   +88.0,  +236.0
1726399140, +3.53, +27.276,    +4.7, +1031.0,   +56.0,  +387.0
1726399740, +3.53, +27.235,    +4.6,  +999.0,   +72.0,  +387.0
1726400340, +3.53, +27.161,    +4.3, +1116.0,   +64.0,  +216.0
1726400940, +3.53, +26.995,    +4.2, +1008.0,   +46.0,  +396.0
1726401540, +3.53, +26.623,    +3.7, +1057.0,   +48.0,  +364.0
1726402140, +3.53, +26.946,    +3.6, +1121.0,  +102.0,  +220.0
1726402740, +3.53, +27.218,    +3.4, +1031.0,   +48.0,  +371.0
1726403340, +3.53, +26.913,    +3.2, +1036.0,   +56.0,  +380.0
1726403940, +3.53, +26.830,    +3.4, +1041.0,   +56.0,  +384.0
1726404540, +3.53, +26.640,    +3.5, +1048.0,   +57.0,  +390.0
1726405140, +3.53, +26.582,    +2.8, +1048.0,   +44.0,  +371.0
1726405740, +3.53, +26.607,    +2.5, +1048.0,   +39.0,  +368.0
1726406340, +3.53, +26.756,    +2.9, +1054.0,   +70.0,  +364.0
1726406940, +3.53, +26.747,    +0.9, +1052.0,   +60.0,  +360.0
1726407540, +3.53, +26.656,    +2.0, +1043.0,   +96.0,  +380.0
1726408140, +3.53, +26.565,    +1.9, +1048.0,   +60.0,  +376.0
1726408740, +3.53, +26.516,    +1.5, +1057.0,   +60.0,  +368.0
1726409340, +3.53, +26.449,    +1.2, +1054.0,   +70.0,  +366.0
1726409940, +3.53, +26.425,    +0.8, +1057.0,   +48.0,  +368.0
1726410540, +3.53, +26.358,    +0.5, +1052.0,   +70.0,  +376.0
1726411140, +3.53, +26.275,    +0.7, +1052.0,   +76.0,  +376.0
1726411740, +3.53, +26.275,    +0.6, +1055.0,   +56.0,  +374.0
1726412340, +3.53, +26.284,    +0.3, +1057.0,   +40.0,  +360.0
1726412940, +3.53, +26.309,    +0.3, +1054.0,   +65.0,  +358.0
1726413540, +3.53, +26.391,    +0.3, +1056.0,   +78.0,  +369.0
1726414140, +3.53, +26.449,    +0.1, +1054.0,   +64.0,  +368.0
1726414740, +3.53, +26.483,    +0.0, +1055.0,   +80.0,  +358.0
1726415340, +3.53, +26.474,    -0.1, +1046.0,   +79.0,  +371.0
1726415940, +3.53, +26.449,    -0.1, +1052.0,   +64.0,  +371.0
1726416540, +3.53, +26.499,    -0.0, +1046.0,   +72.0,  +359.0
1726417140, +3.53, +26.574,    -0.1, +1044.0,   +71.0,  +355.0
1726417740, +3.53, +26.681,    -0.0, +1040.0,   +71.0,  +364.0
1726418340, +3.53, +26.723,    +0.1, +1043.0,   +56.0,  +372.0
1726418940, +3.53, +26.822,    +0.0, +1039.0,   +56.0,  +361.0
1726419540, +3.53, +26.871,    +0.1, +1027.0,  +102.0,  +398.0
1726420140, +3.53, +27.086,    -0.1, +1112.0,  +104.0,  +230.0
1726420740, +3.53, +27.210,    +0.0, +1116.0,  +112.0,  +246.0
1726421340, +3.53, +27.284,    -0.0, +1120.0,   +99.0,  +230.0
1726421940, +3.53, +27.375,    -0.0, +1020.0,   +81.0,  +392.0
1726422540, +3.53, +27.548,    +0.0, +1020.0,   +56.0,  +400.0
1726423140, +3.53, +27.565,    +0.0, +1024.0,   +51.0,  +391.0
1726423740, +3.53, +27.573,    -0.1, +1112.0,   +64.0,  +231.0
1726424340, +3.53, +27.540,    -0.0, +1100.0,  +112.0,  +243.0
1726424940, +3.53, +27.482,    -0.0, +1006.0,   +19.0,  +380.0
1726425540, +3.53, +27.507,    -0.1, +1116.0,   +96.0,  +216.0
1726426140, +3.53, +27.737,    +0.0, +1054.0,   +56.0,  +352.0
1726426740, +3.53, +27.927,    -0.1, +1008.0,   +54.0,  +368.0
1726427340, +3.53, +27.943,    +0.1, +1031.0,   +35.0,  +376.0
1726427940, +3.53, +27.951,    -0.0, +1007.0,   +35.0,  +371.0
1726428540, +3.53, +27.951,    -0.0, +1016.0,   +48.0,  +380.0
1726429140, +3.53, +27.935,    +0.1, +1128.0,   +70.0,  +210.0
1726429740, +3.53, +27.927,    -0.0, +1024.0,   +64.0,  +391.0
1726430340, +3.53, +27.910,    +0.0, +1055.0,   +80.0,  +369.0
1726430940, +3.53, +27.910,    +0.1, +1036.0,   +56.0,  +376.0
1726431540, +3.53, +27.894,    +0.0, +1036.0,   +12.0,  +384.0
1726432140, +3.53, +27.885,    -0.1, +1004.0,   +15.0,  +376.0
1726432740, +3.53, +27.861,    +0.0, +1039.0,   +62.0,  +384.0
1726433340, +3.53, +27.820,    -0.1, +1112.0,  +112.0,  +248.0
1726433940, +3.53, +27.770,    -0.0, +1031.0,   +46.0,  +380.0
1726434540, +3.53, +27.746,    +0.0, +1100.0,   +88.0,  +268.0
1726435140, +3.53, +27.713,    +0.1, +1086.0,   +84.0,  +304.0
1726435740, +3.53, +27.704,    -0.1, +1120.0,   +96.0,  +204.0
1726436340, +3.53, +27.655,    -0.0, +1120.0,   +72.0,  +211.0
1726436940, +3.53, +27.581,    -0.0, +1100.0,   +72.0,  +280.0
1726437540, +3.53, +27.532,    +0.0, +1116.0,  +124.0,  +232.0
1726438140, +3.53, +27.350,    +0.1, +1031.0,   +28.0,  +368.0
1726438740, +3.53, +27.375,    -0.1, +1024.0,   +71.0,  +371.0
1726439340, +3.53, +27.375,    -0.1, +1032.0,   +65.0,  +364.0
1726439940, +3.53, +27.334,    +0.0, +1121.0,   +88.0,  +216.0
