7530-872651
OS REV: 1.08 Sensor Cal: 1702281600 Averages: 30
Time (sec),  Bat (Volts),   T (deg C),  PAR (umol/(s m^2))  Ax (mg), Ay (mg), Az (mg)
1720524540, +3.53, +30.013,  +275.6, +1164.0,   -89.0,  +391.0
1720525140, +3.53, +30.013,  +279.8, +1164.0,   -68.0,  +351.0
1720525740, +3.53, +29.997,  +276.5, +1164.0,  -109.0,  +383.0
1720526340, +3.53, +29.973,  +265.3, +1158.0,  -128.0,  +451.0
1720526940, +3.53, +29.949,  +268.4, +1166.0,   -36.0,  +361.0
1720527540, +3.53, +29.957,  +278.1, +1160.0,  -127.0,  +271.0
1720528140, +3.53, +29.941,  +248.9, +1168.0,  -119.0,  +291.0
1720528740, +3.53, +29.941,  +239.4, +1164.0,   -69.0,  +216.0
1720529340, +3.53, +29.949,  +230.4, +1160.0,   -57.0,  +207.0
1720529940, +3.53, +29.949,  +215.7, +1166.0,   -82.0,  +367.0
1720530540, +3.53, +29.965,  +214.1, +1166.0,  -125.0,  +231.0
1720531140, +3.53, +29.949,  +187.9, +1167.0,  -144.0,  +344.0
1720531740, +3.52, +29.965,  +201.7, +1166.0,   -66.0,  +263.0
1720532340, +3.53, +29.965,  +206.9, +1144.0,  -104.0,  +567.0
1720532940, +3.53, +29.973,  +177.6, +1159.0,  -112.0,  +505.0
1720533540, +3.53, +29.989,  +166.6, +1166.0,   -72.0,  +289.0
1720534140, +3.53, +29.989,  +143.0, +1164.0,   -57.0,  +247.0
1720534740, +3.53, +30.005,  +107.7, +1160.0,   -36.0,  +436.0
1720535340, +3.53, +30.038,  +114.3, +1168.0,   -77.0,  +287.0
1720535940, +3.53, +30.086,   +94.7, +1167.0,   -82.0,  +380.0
1720536540, +3.53, +30.159,   +86.8, +1150.0,  -205.0,   +87.0
1720537140, +3.53, +30.199,   +71.8, +1160.0,   -59.0,  +451.0
1720537740, +3.53, +30.223,   +62.4, +1164.0,  -152.0,  +211.0
1720538340, +3.53, +30.312,   +60.0, +1167.0,   -56.0,  +332.0
1720538940, +3.53, +30.352,   +49.3, +1166.0,   -80.0,  +235.0
1720539540, +3.53, +30.344,   +39.4, +1167.0,   -55.0,  +329.0
1720540140, +3.53, +30.376,   +28.4, +1155.0,   -81.0,  +119.0
1720540740, +3.53, +30.400,   +21.2, +1163.0,   -88.0,  +431.0
1720541340, +3.53, +30.424,   +15.7, +1164.0,   -72.0,  +401.0
1720541940, +3.53, +30.432,   +10.9, +1167.0,   -88.0,  +279.0
1720542540, +3.53, +30.464,    +7.7, +1158.0,   -52.0,  +475.0
1720543140, +3.53, +30.480,    +4.7, +1166.0,   -64.0,  +327.0
1720543740, +3.53, +30.505,    +2.5, +1168.0,   -88.0,  +315.0
1720544340, +3.53, +30.521,    +1.0, +1155.0,  -125.0,  +483.0
1720544940, +3.53, +30.537,    +0.3, +1164.0,   -56.0,  +396.0
1720545540, +3.53, +30.569,    +0.1, +1167.0,   -96.0,  +359.0
1720546140, +3.53, +30.569,    -0.1, +1166.0,  -200.0,  +145.0
1720546740, +3.53, +30.553,    +0.0, +1160.0,   -58.0,  +396.0
1720547340, +3.53, +30.521,    -0.1, +1167.0,   -76.0,  +396.0
1720547940, +3.53, +30.513,    -0.1, +1159.0,  -112.0,  +471.0
1720548540, +3.53, +30.521,    -0.0, +1160.0,   -29.0,  +404.0
1720549140, +3.53, +30.537,    -0.0, +1168.0,   -96.0,  +320.0
1720549740, +3.53, +30.537,    +0.0, +1168.0,   -74.0,  +280.0
1720550340, +3.53, +30.505,    -0.0, +1166.0,   -68.0,  +247.0
1720550940, +3.53, +30.472,    -0.0, +1168.0,   -87.0,  +334.0
1720551540, +3.53, +30.440,    -0.1, +1167.0,   -95.0,  +235.0
1720552140, +3.53, +30.456,    -0.1, +1167.0,  -103.0,  +192.0
1720552740, +3.53, +30.497,    -0.1, +1168.0,   -84.0,  +265.0
1720553340, +3.53, +30.513,    -0.1, +1164.0,  -125.0,  +176.0
1720553940, +3.53, +30.489,    +0.1, +1164.0,   -53.0,  +359.0
1720554540, +3.53, +30.392,    -0.0, +1164.0,   -84.0,  +398.0
1720555140, +3.53, +30.279,    -0.2, +1171.0,   -80.0,  +287.0
1720555740, +3.53, +30.215,    +0.1, +1168.0,   -69.0,  +300.0
1720556340, +3.53, +30.183,    -0.0, +1167.0,   -77.0,  +220.0
1720556940, +3.53, +30.151,    +0.0, +1166.0,   -80.0,  +268.0
1720557540, +3.53, +30.118,    +0.0, +1168.0,   -50.0,  +390.0
1720558140, +3.53, +30.086,    +0.0, +1164.0,   -34.0,  +161.0
1720558740, +3.53, +30.078,    +0.0, +1166.0,  -104.0,  +383.0
1720559340, +3.53, +30.062,    -0.0, +1167.0,   -49.0,  +339.0
1720559940, +3.53, +30.054,    -0.1, +1168.0,   -72.0,  +271.0
1720560540, +3.53, +30.046,    +0.0, +1158.0,   -40.0,  +227.0
1720561140, +3.53, +30.030,    -0.1, +1168.0,   -80.0,  +319.0
1720561740, +3.53, +30.013,    +0.0, +1166.0,   -64.0,  +324.0
1720562340, +3.53, +30.005,    -0.0, +1167.0,   -64.0,  +352.0
1720562940, +3.53, +30.005,    -0.0, +1167.0,   -96.0,  +278.0
1720563540, +3.53, +30.062,    +0.1, +1167.0,  -111.0,  +230.0
1720564140, +3.53, +30.054,    -0.1, +1166.0,   -52.0,  +339.0
1720564740, +3.53, +30.030,    -0.1, +1168.0,   -42.0,  +309.0
1720565340, +3.53, +30.046,    +0.0, +1159.0,   -73.0,  +171.0
1720565940, +3.53, +30.046,    +0.1, +1167.0,   -52.0,  +231.0
1720566540, +3.53, +30.102,    +0.0, +1167.0,   -77.0,  +236.0
1720567140, +3.53, +30.159,    +0.0, +1166.0,   -76.0,  +287.0
1720567740, +3.53, +30.191,    +0.1, +1164.0,   -49.0,  +209.0
1720568340, +3.53, +30.134,    +0.1, +1166.0,   -64.0,  +366.0
1720568940, +3.53, +29.795,    +0.0, +1164.0,   -80.0,  +411.0
1720569540, +3.53, +29.625,    -0.0, +1150.0,   -64.0,  +487.0
1720570140, +3.53, +29.560,    -0.0, +1168.0,   -89.0,  +255.0
1720570740, +3.53, +29.520,    -0.0, +1167.0,   -73.0,  +371.0
1720571340, +3.53, +29.479,    -0.0, +1167.0,   -90.0,  +281.0
1720571940, +3.53, +29.447,    +0.1, +1088.0,   -40.0,  +369.0
1720572540, +3.53, +29.430,    -0.1, +1167.0,   -29.0,  +297.0
1720573140, +3.53, +29.414,    +0.0, +1163.0,   -85.0,  +419.0
1720573740, +3.53, +29.398,    +0.0, +1087.0,   -16.0,  +440.0
1720574340, +3.53, +29.382,    +0.0, +1088.0,   -32.0,  +385.0
1720574940, +3.53, +29.365,    -0.0, +1167.0,   -97.0,  +295.0
1720575540, +3.53, +29.357,    -0.1, +1167.0,   -49.0,  +299.0
1720576140, +3.53, +29.333,    -0.0, +1164.0,   -72.0,  +409.0
1720576740, +3.53, +29.308,    +0.1, +1167.0,   -65.0,  +255.0
1720577340, +3.53, +29.292,    -0.0, +1168.0,   -78.0,  +329.0
1720577940, +3.53, +29.284,    +0.1, +1164.0,   -65.0,  +199.0
1720578540, +3.53, +29.260,    +0.2, +1168.0,   -65.0,  +303.0
1720579140, +3.53, +29.243,    +0.4, +1088.0,   -32.0,  +385.0
1720579740, +3.53, +29.243,    +1.8, +1087.0,   -26.0,  +384.0
1720580340, +3.53, +29.243,    +4.5, +1080.0,  -122.0,  +248.0
1720580940, +3.53, +29.243,    +8.2, +1068.0,   -18.0,  +632.0
1720581540, +3.53, +29.243,   +13.3, +1087.0,   -31.0,  +460.0
1720582140, +3.53, +29.235,   +18.5, +1162.0,   -80.0,  +383.0
1720582740, +3.53, +29.243,   +25.1, +1091.0,   -48.0,  +444.0
1720583340, +3.53, +29.243,   +32.8, +1087.0,   -25.0,  +457.0
1720583940, +3.53, +29.235,   +36.0, +1080.0,   -31.0,  +572.0
1720584540, +3.53, +29.243,   +38.6, +1088.0,   -20.0,  +435.0
1720585140, +3.53, +29.243,   +45.5, +1164.0,   -63.0,  +239.0
1720585740, +3.53, +29.260,   +43.0, +1086.0,   -49.0,  +496.0
1720586340, +3.53, +29.268,   +53.6, +1164.0,   -73.0,  +255.0
1720586940, +3.53, +29.251,   +52.7, +1080.0,   -40.0,  +272.0
1720587540, +3.53, +29.276,   +63.6, +1089.0,   -58.0,  +412.0
1720588140, +3.53, +29.284,  +122.2, +1168.0,   -85.0,  +283.0
1720588740, +3.53, +29.284,  +141.1, +1168.0,   -72.0,  +307.0
1720589340, +3.52, +29.268,  +157.1, +1169.0,   -65.0,  +383.0
1720589940, +3.52, +29.243,   +69.6, +1087.0,    -8.0,  +454.0
1720590540, +3.52, +29.219,  +178.6, +1084.0,   -45.0,  +313.0
1720591140, +3.53, +29.211,  +201.0, +1089.0,   -40.0,  +455.0
1720591740, +3.52, +29.203,  +220.6, +1168.0,   -65.0,  +299.0
1720592340, +3.53, +29.203,  +243.7, +1087.0,   -39.0,  +452.0
1720592940, +3.52, +29.211,  +267.3, +1086.0,   -32.0,  +339.0
1720593540, +3.53, +29.219,  +279.8, +1086.0,   -40.0,  +312.0
1720594140, +3.53, +29.235,  +281.5, +1084.0,   -12.0,  +401.0
1720594740, +3.53, +29.243,  +322.1, +1167.0,   -55.0,  +339.0
1720595340, +3.52, +29.251,  +331.6, +1166.0,   -97.0,  +223.0
1720595940, +3.52, +29.260,  +361.8, +1166.0,   -97.0,  +377.0
1720596540, +3.52, +29.268,  +365.0, +1167.0,   -73.0,  +223.0
1720597140, +3.52, +29.268,  +368.2, +1088.0,   -56.0,  +455.0
1720597740, +3.52, +29.268,  +375.0, +1088.0,   -32.0,  +440.0
1720598340, +3.52, +29.284,  +394.6, +1167.0,   -61.0,  +327.0
1720598940, +3.53, +29.284,  +402.2, +1171.0,   -97.0,  +284.0
1720599540, +3.52, +29.292,  +401.0, +1164.0,  -125.0,  +223.0
1720600140, +3.53, +29.292,  +409.1, +1088.0,   -32.0,  +387.0
1720600740, +3.52, +29.300,  +433.5, +1167.0,   -65.0,  +287.0
1720601340, +3.52, +29.308,  +428.0, +1164.0,   -65.0,  +223.0
1720601940, +3.52, +29.317,  +421.5, +1087.0,   -39.0,  +462.0
1720602540, +3.52, +29.317,  +419.1, +1088.0,   -24.0,  +408.0
1720603140, +3.52, +29.333,  +426.7, +1167.0,   -71.0,  +319.0
1720603740, +3.53, +29.333,  +407.4, +1168.0,   -81.0,  +287.0
1720604340, +3.52, +29.341,  +431.6, +1087.0,   -72.0,  +496.0
1720604940, +3.52, +29.357,  +426.9, +1161.0,   -68.0,  +239.0
1720605540, +3.52, +29.382,  +347.4, +1167.0,   -74.0,  +255.0
1720606140, +3.52, +29.406,  +327.1, +1088.0,   -61.0,  +467.0
1720606740, +3.52, +29.455,  +316.9, +1168.0,   -73.0,  +311.0
1720607340, +3.52, +29.544,  +310.7, +1167.0,   -41.0,  +305.0
1720607940, +3.53, +29.641,  +299.5, +1166.0,   -63.0,  +295.0
1720608540, +3.53, +29.730,  +295.0, +1164.0,   -80.0,  +223.0
1720609140, +3.52, +29.787,  +293.1, +1166.0,   -56.0,  +255.0
1720609740, +3.52, +29.819,  +299.1, +1166.0,   -58.0,  +295.0
1720610340, +3.53, +29.876,  +294.9, +1159.0,  -136.0,  +239.0
1720610940, +3.53, +29.900,  +296.3, +1168.0,   -92.0,  +323.0
