7530-872651
OS REV: 1.08 Sensor Cal: 1702281600 Averages: 30
Time (sec),  Bat (Volts),   T (deg C),  PAR (umol/(s m^2))  Ax (mg), Ay (mg), Az (mg)
1720785540, +3.52, +29.463,  +388.5, +1168.0,   -68.0,  +327.0
1720786140, +3.52, +29.479,  +380.7, +1168.0,   -65.0,  +271.0
1720786740, +3.52, +29.495,  +355.1, +1167.0,   -67.0,  +351.0
1720787340, +3.52, +29.520,  +352.8, +1169.0,   -65.0,  +295.0
1720787940, +3.52, +29.536,  +333.8, +1168.0,   -72.0,  +319.0
1720788540, +3.52, +29.560,  +286.4, +1167.0,   -71.0,  +271.0
1720789140, +3.52, +29.560,  +282.4, +1167.0,   -64.0,  +317.0
1720789740, +3.52, +29.593,  +266.3, +1166.0,   -69.0,  +271.0
1720790340, +3.52, +29.617,  +249.8, +1166.0,   -71.0,  +319.0
1720790940, +3.52, +29.625,  +227.0, +1166.0,   -50.0,  +345.0
1720791540, +3.52, +29.649,  +203.1, +1167.0,   -67.0,  +347.0
1720792140, +3.52, +29.666,  +188.8, +1166.0,   -71.0,  +311.0
1720792740, +3.52, +29.666,  +176.8, +1167.0,   -64.0,  +347.0
1720793340, +3.52, +29.674,  +156.1, +1164.0,   -52.0,  +343.0
1720793940, +3.52, +29.682,  +145.6, +1164.0,   -53.0,  +359.0
1720794540, +3.52, +29.698,  +136.8, +1166.0,   -76.0,  +343.0
1720795140, +3.52, +29.706,  +123.9, +1168.0,   -64.0,  +302.0
1720795740, +3.52, +29.722,  +118.4, +1166.0,   -93.0,  +382.0
1720796340, +3.52, +29.738,  +105.9, +1167.0,   -77.0,  +351.0
1720796940, +3.52, +29.771,   +94.4, +1167.0,   -64.0,  +309.0
1720797540, +3.52, +29.827,   +84.6, +1168.0,   -77.0,  +300.0
1720798140, +3.52, +29.876,   +74.3, +1167.0,   -64.0,  +300.0
1720798740, +3.52, +29.876,   +65.1, +1167.0,   -88.0,  +333.0
1720799340, +3.52, +29.852,   +51.2, +1168.0,   -80.0,  +299.0
1720799940, +3.52, +29.827,   +45.0, +1167.0,   -72.0,  +359.0
1720800540, +3.52, +29.844,   +35.3, +1168.0,   -80.0,  +319.0
1720801140, +3.52, +29.868,   +26.4, +1166.0,   -45.0,  +286.0
1720801740, +3.52, +29.852,   +18.7, +1166.0,   -50.0,  +312.0
1720802340, +3.52, +29.852,   +11.3, +1167.0,   -64.0,  +345.0
1720802940, +3.52, +29.852,    +6.3, +1168.0,   -73.0,  +307.0
1720803540, +3.52, +29.868,    +2.3, +1168.0,   -57.0,  +313.0
1720804140, +3.52, +29.892,    +0.6, +1087.0,   -26.0,  +432.0
1720804740, +3.52, +29.908,    +0.1, +1168.0,   -77.0,  +327.0
1720805340, +3.52, +29.844,    +0.1, +1168.0,   -72.0,  +319.0
1720805940, +3.52, +29.795,    -0.1, +1167.0,   -42.0,  +303.0
1720806540, +3.52, +29.779,    -0.1, +1167.0,   -64.0,  +287.0
1720807140, +3.52, +29.787,    +0.1, +1166.0,   -80.0,  +304.0
1720807740, +3.52, +29.755,    -0.1, +1168.0,   -80.0,  +335.0
1720808340, +3.53, +29.738,    -0.1, +1167.0,   -79.0,  +333.0
1720808940, +3.52, +29.649,    -0.1, +1166.0,   -56.0,  +271.0
1720809540, +3.52, +29.568,    +0.0, +1167.0,   -40.0,  +286.0
1720810140, +3.52, +29.536,    +0.0, +1167.0,   -80.0,  +319.0
1720810740, +3.52, +29.495,    +0.0, +1168.0,   -72.0,  +333.0
1720811340, +3.52, +29.447,    -0.1, +1167.0,   -84.0,  +351.0
1720811940, +3.52, +29.414,    +0.0, +1168.0,   -72.0,  +351.0
1720812540, +3.52, +29.357,    -0.2, +1167.0,   -68.0,  +323.0
1720813140, +3.52, +29.325,    -0.1, +1174.0,   -63.0,  +287.0
1720813740, +3.52, +29.292,    +0.1, +1167.0,   -73.0,  +316.0
1720814340, +3.52, +29.276,    -0.0, +1164.0,   -45.0,  +287.0
1720814940, +3.52, +29.268,    -0.1, +1168.0,   -81.0,  +313.0
1720815540, +3.52, +29.268,    +0.1, +1169.0,   -66.0,  +335.0
1720816140, +3.52, +29.276,    -0.0, +1172.0,   -74.0,  +313.0
1720816740, +3.52, +29.300,    -0.0, +1166.0,   -77.0,  +267.0
1720817340, +3.52, +29.317,    -0.0, +1167.0,   -65.0,  +280.0
1720817940, +3.52, +29.325,    -0.1, +1168.0,   -64.0,  +311.0
1720818540, +3.52, +29.333,    -0.0, +1168.0,   -74.0,  +287.0
1720819140, +3.52, +29.325,    +0.1, +1168.0,   -64.0,  +284.0
1720819740, +3.52, +29.333,    +0.0, +1169.0,   -88.0,  +337.0
1720820340, +3.52, +29.333,    +0.1, +1167.0,   -66.0,  +307.0
1720820940, +3.52, +29.325,    -0.0, +1167.0,   -69.0,  +303.0
1720821540, +3.52, +29.333,    +0.0, +1168.0,   -72.0,  +299.0
1720822140, +3.52, +29.308,    -0.1, +1171.0,   -68.0,  +351.0
1720822740, +3.52, +29.333,    -0.2, +1167.0,   -77.0,  +293.0
1720823340, +3.52, +29.333,    +0.0, +1168.0,   -61.0,  +271.0
1720823940, +3.52, +29.333,    +0.1, +1168.0,   -65.0,  +295.0
1720824540, +3.52, +29.333,    +0.0, +1167.0,   -57.0,  +311.0
1720825140, +3.52, +29.333,    +0.1, +1171.0,   -72.0,  +303.0
1720825740, +3.52, +29.317,    -0.2, +1167.0,   -72.0,  +351.0
1720826340, +3.52, +29.325,    +0.1, +1167.0,   -57.0,  +311.0
1720826940, +3.52, +29.317,    -0.0, +1171.0,   -60.0,  +271.0
1720827540, +3.52, +29.325,    +0.0, +1168.0,   -65.0,  +311.0
1720828140, +3.52, +29.325,    -0.0, +1167.0,   -61.0,  +295.0
1720828740, +3.52, +29.333,    +0.1, +1167.0,   -68.0,  +335.0
1720829340, +3.52, +29.325,    -0.0, +1168.0,   -77.0,  +295.0
1720829940, +3.52, +29.317,    -0.0, +1167.0,   -68.0,  +291.0
1720830540, +3.52, +29.325,    +0.0, +1169.0,   -52.0,  +319.0
1720831140, +3.52, +29.308,    -0.1, +1168.0,   -64.0,  +319.0
1720831740, +3.52, +29.317,    -0.0, +1167.0,   -64.0,  +295.0
1720832340, +3.52, +29.317,    -0.1, +1167.0,   -72.0,  +314.0
1720832940, +3.52, +29.308,    +0.1, +1167.0,   -68.0,  +335.0
1720833540, +3.52, +29.317,    -0.0, +1168.0,   -68.0,  +327.0
1720834140, +3.52, +29.317,    +0.1, +1167.0,   -72.0,  +301.0
1720834740, +3.52, +29.308,    -0.0, +1167.0,   -72.0,  +287.0
1720835340, +3.52, +29.308,    -0.0, +1167.0,   -71.0,  +284.0
1720835940, +3.52, +29.308,    +0.0, +1167.0,   -52.0,  +335.0
1720836540, +3.52, +29.292,    +0.0, +1167.0,   -65.0,  +303.0
1720837140, +3.52, +29.300,    +0.0, +1167.0,   -77.0,  +335.0
1720837740, +3.52, +29.308,    +0.0, +1166.0,   -72.0,  +328.0
1720838340, +3.52, +29.292,    +0.4, +1087.0,   -20.0,  +403.0
1720838940, +3.52, +29.300,    +2.4, +1087.0,   -32.0,  +416.0
1720839540, +3.52, +29.292,    +5.9, +1164.0,   -57.0,  +271.0
1720840140, +3.52, +29.300,   +11.3, +1087.0,   -20.0,  +440.0
1720840740, +3.52, +29.292,   +17.6, +1087.0,   -28.0,  +460.0
1720841340, +3.52, +29.292,   +25.5, +1167.0,   -59.0,  +279.0
1720841940, +3.52, +29.300,   +28.0, +1088.0,   -40.0,  +414.0
1720842540, +3.52, +29.300,   +48.6, +1164.0,   -45.0,  +281.0
1720843140, +3.52, +29.300,   +45.8, +1164.0,   -61.0,  +339.0
1720843740, +3.52, +29.308,   +78.0, +1164.0,   -66.0,  +303.0
1720844340, +3.52, +29.308,  +101.2, +1164.0,   -48.0,  +271.0
1720844940, +3.52, +29.300,  +110.2, +1166.0,   -65.0,  +295.0
1720845540, +3.52, +29.308,  +152.2, +1168.0,   -41.0,  +319.0
1720846140, +3.52, +29.300,  +156.6, +1087.0,   -29.0,  +391.0
1720846740, +3.52, +29.300,  +137.0, +1164.0,   -61.0,  +299.0
1720847340, +3.52, +29.317,  +206.7, +1088.0,   -32.0,  +416.0
1720847940, +3.52, +29.317,  +111.8, +1168.0,   -69.0,  +335.0
1720848540, +3.52, +29.317,  +116.1, +1168.0,   -77.0,  +351.0
1720849140, +3.52, +29.325,  +306.9, +1164.0,   -71.0,  +363.0
1720849740, +3.52, +29.317,  +172.1, +1087.0,   -32.0,  +408.0
1720850340, +3.52, +29.317,  +271.4, +1167.0,   -53.0,  +313.0
1720850940, +3.52, +29.341,  +343.6, +1164.0,   -53.0,  +303.0
1720851540, +3.52, +29.349,  +187.0, +1167.0,   -49.0,  +275.0
1720852140, +3.52, +29.317,  +176.5, +1168.0,   -81.0,  +287.0
1720852740, +3.52, +29.317,  +119.5, +1166.0,   -61.0,  +295.0
1720853340, +3.52, +29.317,  +191.4, +1167.0,   -77.0,  +303.0
1720853940, +3.52, +29.317,  +425.2, +1167.0,   -82.0,  +332.0
1720854540, +3.52, +29.317,  +450.6, +1168.0,   -72.0,  +303.0
1720855140, +3.52, +29.333,  +411.7, +1166.0,   -77.0,  +323.0
1720855740, +3.52, +29.341,  +512.6, +1167.0,   -81.0,  +337.0
1720856340, +3.52, +29.341,  +544.3, +1168.0,   -87.0,  +331.0
1720856940, +3.52, +29.357,  +534.9, +1166.0,   -49.0,  +319.0
1720857540, +3.52, +29.349,  +552.6, +1164.0,   -69.0,  +387.0
1720858140, +3.52, +29.357,  +527.9, +1166.0,   -59.0,  +327.0
1720858740, +3.52, +29.357,  +561.4, +1166.0,   -57.0,  +359.0
1720859340, +3.52, +29.373,  +604.2, +1167.0,   -69.0,  +307.0
1720859940, +3.52, +29.390,  +537.4, +1168.0,   -64.0,  +303.0
1720860540, +3.52, +29.406,  +576.6, +1166.0,   -63.0,  +303.0
1720861140, +3.52, +29.414,  +616.5, +1168.0,   -73.0,  +300.0
1720861740, +3.52, +29.422,  +572.2, +1168.0,   -81.0,  +319.0
1720862340, +3.52, +29.430,  +601.4, +1169.0,   -57.0,  +331.0
1720862940, +3.52, +29.438,  +555.5, +1088.0,   -32.0,  +408.0
1720863540, +3.52, +29.455,  +517.9, +1087.0,   -10.0,  +460.0
1720864140, +3.52, +29.463,  +553.5, +1166.0,   -77.0,  +255.0
1720864740, +3.52, +29.487,  +455.5, +1164.0,   -61.0,  +367.0
1720865340, +3.52, +29.495,  +384.0, +1166.0,   -50.0,  +367.0
1720865940, +3.52, +29.495,  +330.0, +1168.0,   -76.0,  +280.0
1720866540, +3.52, +29.520,  +302.5, +1168.0,   -89.0,  +311.0
1720867140, +3.52, +29.528,  +293.4, +1164.0,   -49.0,  +317.0
1720867740, +3.52, +29.560,  +280.1, +1164.0,   -64.0,  +295.0
1720868340, +3.52, +29.593,  +279.6, +1166.0,   -64.0,  +292.0
1720868940, +3.52, +29.625,  +293.9, +1168.0,   -64.0,  +323.0
1720869540, +3.52, +29.666,  +309.2, +1166.0,   -55.0,  +299.0
1720870140, +3.52, +29.714,  +339.5, +1168.0,  -105.0,  +255.0
1720870740, +3.52, +29.747,  +411.7, +1166.0,   -72.0,  +343.0
1720871340, +3.52, +29.779,  +439.0, +1168.0,   -90.0,  +301.0
1720871940, +3.52, +29.836,  +448.6, +1166.0,   -68.0,  +279.0
