7530-872651
OS REV: 1.08 Sensor Cal: 1702281600 Averages: 30
Time (sec),  Bat (Volts),   T (deg C),  PAR (umol/(s m^2))  Ax (mg), Ay (mg), Az (mg)
1720350540, +3.53, +30.392,  +261.8, +1164.0,    -5.0,  +295.0
1720351140, +3.53, +30.223,  +326.1, +1167.0,  -128.0,  +335.0
1720351740, +3.53, +30.102,  +297.3, +1163.0,  -137.0,  +423.0
1720352340, +3.53, +30.038,  +240.6, +1166.0,  -146.0,  +255.0
1720352940, +3.53, +30.118,  +324.2, +1159.0,  -208.0,  +183.0
1720353540, +3.53, +30.199,  +298.9, +1166.0,   -81.0,  +285.0
1720354140, +3.53, +30.231,  +306.7, +1155.0,  -113.0,  +503.0
1720354740, +3.53, +30.207,  +304.1, +1160.0,  -110.0,  +459.0
1720355340, +3.53, +30.142,  +331.2, +1167.0,  -104.0,  +339.0
1720355940, +3.53, +30.070,  +305.1, +1168.0,  -102.0,  +359.0
1720356540, +3.53, +30.005,  +248.7, +1167.0,   -97.0,  +375.0
1720357140, +3.53, +29.989,  +231.7, +1166.0,   -99.0,  +347.0
1720357740, +3.53, +30.021,  +221.9, +1164.0,  -156.0,  +215.0
1720358340, +3.53, +30.086,  +237.5, +1161.0,  -213.0,  +271.0
1720358940, +3.53, +30.134,  +208.5, +1139.0,  -281.0,   +63.0
1720359540, +3.53, +30.167,  +166.6, +1161.0,  -135.0,  +375.0
1720360140, +3.53, +30.167,  +171.2, +1166.0,   -76.0,  +406.0
1720360740, +3.53, +30.207,  +127.8, +1166.0,  -156.0,  +223.0
1720361340, +3.53, +30.408,   +84.4, +1168.0,  -136.0,  +263.0
1720361940, +3.53, +30.537,  +114.6, +1168.0,  -160.0,  +319.0
1720362540, +3.53, +30.625,  +106.8, +1167.0,  -168.0,  +276.0
1720363140, +3.53, +30.721,   +89.4, +1167.0,  -144.0,  +360.0
1720363740, +3.53, +30.785,   +67.7, +1159.0,  -160.0,  +171.0
1720364340, +3.53, +30.793,   +68.8, +1161.0,  -124.0,  +408.0
1720364940, +3.53, +30.769,   +65.2, +1166.0,  -152.0,  +224.0
1720365540, +3.53, +30.681,   +58.1, +1167.0,  -152.0,  +294.0
1720366140, +3.53, +30.593,   +57.3, +1166.0,   -52.0,  +332.0
1720366740, +3.53, +30.577,   +41.1, +1167.0,  -119.0,  +268.0
1720367340, +3.53, +30.593,   +30.3, +1160.0,   -96.0,  +478.0
1720367940, +3.53, +30.617,   +18.8, +1160.0,  -156.0,  +172.0
1720368540, +3.53, +30.633,   +17.5, +1169.0,  -136.0,  +284.0
1720369140, +3.53, +30.657,   +13.7, +1158.0,  -218.0,  +156.0
1720369740, +3.53, +30.641,   +10.5, +1166.0,   -56.0,  +345.0
1720370340, +3.53, +30.448,    +7.2, +1167.0,  -124.0,  +277.0
1720370940, +3.53, +30.279,    +4.3, +1164.0,   -80.0,  +383.0
1720371540, +3.53, +30.142,    +1.9, +1164.0,  -114.0,  +227.0
1720372140, +3.53, +30.054,    +0.5, +1160.0,   -61.0,  +287.0
1720372740, +3.53, +29.997,    -0.0, +1167.0,   -89.0,  +391.0
1720373340, +3.53, +29.957,    -0.0, +1167.0,   -80.0,  +313.0
1720373940, +3.53, +29.965,    +0.0, +1171.0,   -76.0,  +345.0
1720374540, +3.53, +29.868,    +0.0, +1168.0,   -84.0,  +327.0
1720375140, +3.53, +29.819,    -0.0, +1168.0,   -87.0,  +319.0
1720375740, +3.53, +29.811,    -0.0, +1168.0,  -163.0,  +283.0
1720376340, +3.53, +29.852,    -0.1, +1167.0,   -82.0,  +371.0
1720376940, +3.53, +29.876,    +0.1, +1164.0,  -122.0,  +295.0
1720377540, +3.53, +29.811,    -0.0, +1155.0,   -55.0,  +487.0
1720378140, +3.53, +29.747,    -0.2, +1171.0,  -106.0,  +351.0
1720378740, +3.53, +29.674,    -0.1, +1166.0,   -79.0,  +335.0
1720379340, +3.53, +29.714,    +0.0, +1166.0,  -212.0,  +244.0
1720379940, +3.53, +29.771,    -0.0, +1161.0,   -92.0,  +415.0
1720380540, +3.53, +29.730,    -0.0, +1159.0,   -49.0,  +422.0
1720381140, +3.53, +29.730,    -0.0, +1167.0,   -95.0,  +339.0
1720381740, +3.53, +29.641,    +0.0, +1166.0,   -89.0,  +396.0
1720382340, +3.53, +29.601,    +0.0, +1161.0,  -120.0,  +223.0
1720382940, +3.53, +29.584,    -0.0, +1169.0,  -104.0,  +327.0
1720383540, +3.53, +29.674,    +0.1, +1164.0,   -57.0,  +319.0
1720384140, +3.53, +29.674,    -0.0, +1164.0,   -52.0,  +343.0
1720384740, +3.53, +29.666,    -0.1, +1164.0,   -72.0,  +239.0
1720385340, +3.53, +29.617,    -0.1, +1168.0,  -105.0,  +333.0
1720385940, +3.53, +29.601,    +0.0, +1159.0,   -20.0,  +211.0
1720386540, +3.53, +29.593,    -0.0, +1088.0,   -80.0,  +492.0
1720387140, +3.53, +29.576,    +0.0, +1164.0,   -89.0,  +207.0
1720387740, +3.53, +29.552,    -0.1, +1167.0,   -97.0,  +295.0
1720388340, +3.53, +29.503,    -0.0, +1072.0,    -8.0,  +608.0
1720388940, +3.53, +29.430,    -0.0, +1167.0,   -72.0,  +367.0
1720389540, +3.53, +29.382,    -0.0, +1160.0,  -103.0,  +191.0
1720390140, +3.53, +29.365,    +0.0, +1168.0,  -136.0,  +255.0
1720390740, +3.53, +29.349,    -0.1, +1168.0,  -105.0,  +239.0
1720391340, +3.53, +29.341,    -0.1, +1087.0,   -12.0,  +411.0
1720391940, +3.53, +29.365,    +0.0, +1167.0,   -88.0,  +231.0
1720392540, +3.53, +29.422,    +0.0, +1161.0,   -89.0,  +379.0
1720393140, +3.53, +29.414,    +0.0, +1167.0,   -84.0,  +348.0
1720393740, +3.53, +29.390,    -0.0, +1148.0,   -82.0,  +539.0
1720394340, +3.53, +29.414,    +0.1, +1088.0,  -109.0,  +412.0
1720394940, +3.53, +29.438,    -0.3, +1167.0,   -84.0,  +280.0
1720395540, +3.53, +29.455,    +0.1, +1167.0,  -163.0,  +327.0
1720396140, +3.53, +29.447,    +0.0, +1172.0,  -103.0,  +366.0
1720396740, +3.53, +29.455,    -0.1, +1168.0,  -105.0,  +335.0
1720397340, +3.53, +29.463,    -0.0, +1167.0,   -79.0,  +415.0
1720397940, +3.53, +29.479,    +0.1, +1166.0,  -121.0,  +223.0
1720398540, +3.53, +29.511,    -0.1, +1166.0,  -153.0,  +223.0
1720399140, +3.53, +29.536,    -0.1, +1168.0,  -137.0,  +255.0
1720399740, +3.53, +29.568,    -0.1, +1091.0,   -52.0,  +463.0
1720400340, +3.53, +29.584,    -0.1, +1084.0,   -93.0,  +544.0
1720400940, +3.53, +29.593,    -0.0, +1159.0,  -200.0,  +187.0
1720401540, +3.53, +29.576,    +0.1, +1088.0,  -104.0,  +366.0
1720402140, +3.53, +29.568,    -0.0, +1087.0,   -76.0,  +360.0
1720402740, +3.53, +29.552,    -0.0, +1087.0,   -25.0,  +499.0
1720403340, +3.53, +29.560,    -0.1, +1084.0,   -13.0,  +332.0
1720403940, +3.53, +29.568,    -0.2, +1159.0,   -89.0,  +175.0
1720404540, +3.53, +29.560,    -0.2, +1151.0,  -207.0,  +123.0
1720405140, +3.53, +29.576,    -0.0, +1088.0,  -120.0,  +403.0
1720405740, +3.53, +29.584,    +0.1, +1080.0,   -58.0,  +560.0
1720406340, +3.53, +29.609,    +0.6, +1087.0,  -104.0,  +448.0
1720406940, +3.53, +29.625,    +2.3, +1084.0,   -80.0,  +412.0
1720407540, +3.53, +29.625,    +5.7, +1089.0,  -114.0,  +432.0
1720408140, +3.53, +29.633,   +10.1, +1088.0,   -50.0,  +414.0
1720408740, +3.53, +29.625,   +15.6, +1084.0,   -32.0,  +316.0
1720409340, +3.53, +29.609,   +20.9, +1089.0,   -64.0,  +364.0
1720409940, +3.53, +29.576,   +34.1, +1087.0,   -32.0,  +438.0
1720410540, +3.53, +29.552,   +39.9, +1084.0,   -93.0,  +465.0
1720411140, +3.53, +29.511,   +36.0, +1080.0,    +0.0,  +552.0
1720411740, +3.53, +29.455,   +64.9, +1087.0,   -58.0,  +420.0
1720412340, +3.53, +29.422,   +77.1, +1091.0,   -36.0,  +440.0
1720412940, +3.53, +29.390,   +96.2, +1084.0,   -64.0,  +531.0
1720413540, +3.53, +29.365,  +103.2, +1087.0,   -29.0,  +492.0
1720414140, +3.53, +29.341,  +116.2, +1088.0,   -15.0,  +411.0
1720414740, +3.53, +29.333,  +129.1, +1091.0,  -111.0,  +348.0
1720415340, +3.53, +29.333,  +166.3, +1088.0,   -52.0,  +428.0
1720415940, +3.52, +29.341,  +169.1, +1088.0,   -44.0,  +412.0
1720416540, +3.53, +29.357,  +183.5, +1091.0,   -80.0,  +432.0
1720417140, +3.53, +29.382,  +180.6, +1086.0,   -40.0,  +531.0
1720417740, +3.53, +29.414,  +228.8, +1088.0,   -48.0,  +496.0
1720418340, +3.53, +29.471,  +238.6, +1084.0,   -28.0,  +527.0
1720418940, +3.53, +29.520,  +256.9, +1084.0,   -29.0,  +345.0
1720419540, +3.53, +29.560,  +241.8, +1088.0,   -77.0,  +436.0
1720420140, +3.53, +29.568,  +265.9, +1088.0,  -112.0,  +384.0
1720420740, +3.53, +29.625,  +284.8, +1088.0,    -8.0,  +430.0
1720421340, +3.53, +29.706,  +298.2, +1080.0,   -80.0,  +272.0
1720421940, +3.53, +29.738,  +316.7, +1164.0,  -108.0,  +319.0
1720422540, +3.53, +29.763,  +321.3, +1087.0,   -26.0,  +428.0
1720423140, +3.53, +29.771,  +327.3, +1073.0,    -8.0,  +588.0
1720423740, +3.53, +29.795,  +334.8, +1086.0,   -40.0,  +515.0
1720424340, +3.53, +29.900,  +342.8, +1072.0,   -16.0,  +632.0
1720424940, +3.53, +29.981,  +366.4, +1168.0,  -103.0,  +319.0
1720425540, +3.53, +30.005,  +363.1, +1089.0,   -64.0,  +504.0
1720426140, +3.53, +30.021,  +354.8, +1167.0,   -65.0,  +412.0
1720426740, +3.53, +30.078,  +347.7, +1160.0,  -144.0,  +223.0
1720427340, +3.53, +30.126,  +358.9, +1161.0,   -99.0,  +381.0
1720427940, +3.53, +30.118,  +360.4, +1167.0,   -92.0,  +303.0
1720428540, +3.53, +30.110,  +415.1, +1164.0,   -93.0,  +255.0
1720429140, +3.53, +29.981,  +445.5, +1163.0,  -149.0,  +199.0
1720429740, +3.53, +29.860,  +427.7, +1080.0,  -116.0,  +284.0
1720430340, +3.53, +29.747,  +413.4, +1084.0,  -100.0,  +321.0
1720430940, +3.53, +29.674,  +393.6, +1088.0,   -76.0,  +454.0
1720431540, +3.53, +29.649,  +392.7, +1086.0,    -8.0,  +374.0
1720432140, +3.53, +29.657,  +315.8, +1088.0,   -72.0,  +472.0
1720432740, +3.53, +29.771,  +302.5, +1087.0,   -36.0,  +440.0
1720433340, +3.53, +29.876,  +282.2, +1167.0,  -105.0,  +303.0
1720433940, +3.53, +29.908,  +263.0, +1086.0,   -56.0,  +344.0
1720434540, +3.53, +29.884,  +274.8, +1089.0,   -60.0,  +396.0
1720435140, +3.53, +29.868,  +261.7, +1086.0,  -136.0,  +310.0
1720435740, +3.53, +29.868,  +252.9, +1081.0,  -128.0,  +296.0
1720436340, +3.53, +29.916,  +254.2, +1087.0,   -12.0,  +440.0
1720436940, +3.53, +29.925,  +245.0, +1160.0,  -137.0,  +239.0
