7530-872651
OS REV: 1.08 Sensor Cal: 1702281600 Averages: 30
Time (sec),  Bat (Volts),   T (deg C),  PAR (umol/(s m^2))  Ax (mg), Ay (mg), Az (mg)
1718871540, +3.48, +28.156,   +29.3,  -122.0, +1004.0,  -280.0
1718872140, +3.48, +28.083,    +1.2, -1312.0,   -80.0,  +336.0
1718872740, +3.49, +28.156,  +352.8, +1167.0,   -40.0,  +270.0
1718873340, +3.49, +28.148,  +405.0, +1169.0,  -120.0,  +260.0
1718873940, +3.49, +28.107,  +396.9, +1167.0,  -128.0,  +275.0
1718874540, +3.49, +28.066,  +373.3, +1166.0,    -8.0,  +304.0
1718875140, +3.49, +28.050,  +348.6, +1164.0,    +0.0,  +305.0
1718875740, +3.49, +28.042,  +336.9, +1167.0,   -96.0,  +284.0
1718876340, +3.49, +28.017,  +324.4, +1167.0,   -32.0,  +272.0
1718876940, +3.50, +27.959,  +312.6, +1169.0,   -32.0,  +286.0
1718877540, +3.50, +27.918,  +312.9, +1167.0,   -92.0,  +288.0
1718878140, +3.50, +27.869,  +312.8, +1094.0,    +6.0,  +424.0
1718878740, +3.50, +27.836,  +317.3, +1096.0,  -120.0,  +391.0
1718879340, +3.50, +27.828,  +326.4, +1089.0,   -64.0,  +423.0
1718879940, +3.50, +27.902,  +342.7, +1168.0,  -128.0,  +294.0
1718880540, +3.50, +27.959,  +356.6, +1166.0,   -41.0,  +311.0
1718881140, +3.50, +27.968,  +373.2, +1164.0,  -121.0,  +295.0
1718881740, +3.50, +28.033,  +399.6, +1168.0,   -52.0,  +291.0
1718882340, +3.50, +28.140,  +414.4, +1164.0,   -52.0,  +289.0
1718882940, +3.50, +28.165,  +419.7, +1164.0,   -24.0,  +336.0
1718883540, +3.50, +28.206,  +430.1, +1160.0,   +17.0,  +316.0
1718884140, +3.50, +28.230,  +407.1, +1142.0,   -90.0,  +368.0
1718884740, +3.50, +28.247,  +403.2, +1136.0,   -25.0,  +384.0
1718885340, +3.50, +28.263,  +384.6, +1100.0,   +16.0,  +428.0
1718885940, +3.50, +28.263,  +385.1, +1159.0,   -32.0,  +312.0
1718886540, +3.50, +28.271,  +351.8, +1103.0,   -25.0,  +409.0
1718887140, +3.51, +28.263,  +349.1, +1121.0,   -48.0,  +408.0
1718887740, +3.51, +28.263,  +328.0, +1160.0,   -10.0,  +304.0
1718888340, +3.51, +28.279,  +309.8, +1126.0,   -10.0,  +408.0
1718888940, +3.51, +28.296,  +299.4, +1107.0,   -68.0,  +416.0
1718889540, +3.51, +28.312,  +278.5, +1158.0,   +24.0,  +348.0
1718890140, +3.51, +28.337,  +263.9, +1145.0,    +7.0,  +352.0
1718890740, +3.51, +28.361,  +245.1, +1134.0,   +88.0,  +400.0
1718891340, +3.51, +28.402,  +229.0, +1096.0,   -56.0,  +400.0
1718891940, +3.51, +28.427,  +222.9, +1100.0,   -52.0,  +416.0
1718892540, +3.51, +28.525,  +196.4, +1095.0,    +3.0,  +412.0
1718893140, +3.51, +28.681,  +177.2, +1092.0,   -98.0,  +401.0
1718893740, +3.51, +28.787,  +156.4, +1159.0,   -24.0,  +332.0
1718894340, +3.51, +28.852,  +142.6, +1153.0,   -50.0,  +368.0
1718894940, +3.51, +28.868,  +124.6, +1089.0,    +0.0,  +428.0
1718895540, +3.51, +28.917,   +86.0, +1095.0,   -29.0,  +415.0
1718896140, +3.51, +28.958,  +116.6, +1095.0,   -63.0,  +424.0
1718896740, +3.51, +28.975,   +88.6, +1091.0,   -32.0,  +384.0
1718897340, +3.51, +28.983,   +85.7, +1095.0,   -40.0,  +398.0
1718897940, +3.51, +28.991,   +55.9, +1104.0,   -26.0,  +419.0
1718898540, +3.51, +28.983,   +45.4, +1091.0,  +136.0,  +352.0
1718899140, +3.51, +28.983,   +38.4, +1087.0,   -32.0,  +435.0
1718899740, +3.51, +28.983,   +28.6, +1091.0,   -32.0,  +419.0
1718900340, +3.51, +28.999,   +21.2, +1103.0,    -7.0,  +344.0
1718900940, +3.51, +29.007,   +13.6, +1088.0,   -48.0,  +392.0
1718901540, +3.52, +29.007,    +7.8, +1076.0,   +48.0,  +448.0
1718902140, +3.52, +28.991,    +4.1, +1091.0,   -56.0,  +403.0
1718902740, +3.52, +28.991,    +1.4, +1089.0,   -68.0,  +414.0
1718903340, +3.52, +28.991,    +0.2, +1088.0,   -20.0,  +422.0
1718903940, +3.52, +28.991,    +0.0, +1088.0,   -40.0,  +409.0
1718904540, +3.52, +28.836,    -0.0, +1095.0,   -16.0,  +419.0
1718905140, +3.52, +28.574,    -0.0, +1161.0,   -79.0,  +316.0
1718905740, +3.52, +28.468,    +0.1, +1095.0,   -24.0,  +406.0
1718906340, +3.52, +28.427,    -0.0, +1092.0,   +12.0,  +400.0
1718906940, +3.52, +28.394,    -0.0, +1160.0,   -26.0,  +302.0
1718907540, +3.52, +28.378,    -0.1, +1160.0,   -25.0,  +305.0
1718908140, +3.52, +28.353,    -0.2, +1164.0,   -28.0,  +307.0
1718908740, +3.52, +28.345,    -0.1, +1161.0,    +6.0,  +300.0
1718909340, +3.52, +28.345,    +0.1, +1160.0,   +14.0,  +323.0
1718909940, +3.52, +28.345,    +0.1, +1137.0,   -64.0,  +384.0
1718910540, +3.52, +28.370,    -0.0, +1164.0,   +12.0,  +270.0
1718911140, +3.52, +28.361,    +0.1, +1116.0,    -8.0,  +416.0
1718911740, +3.52, +28.370,    -0.0, +1089.0,   -24.0,  +403.0
1718912340, +3.52, +28.361,    -0.1, +1159.0,   -61.0,  +320.0
1718912940, +3.52, +28.370,    -0.0, +1159.0,   -56.0,  +307.0
1718913540, +3.52, +28.370,    -0.1, +1161.0,   -12.0,  +320.0
1718914140, +3.52, +28.378,    -0.0, +1159.0,   -72.0,  +336.0
1718914740, +3.52, +28.378,    -0.1, +1164.0,   -47.0,  +313.0
1718915340, +3.52, +28.386,    -0.1, +1159.0,   -61.0,  +334.0
1718915940, +3.52, +28.402,    -0.1, +1159.0,   -13.0,  +320.0
1718916540, +3.52, +28.378,    +0.0, +1144.0,   +14.0,  +348.0
1718917140, +3.52, +28.353,    -0.0, +1100.0,   -24.0,  +404.0
1718917740, +3.52, +28.361,    -0.1, +1164.0,   -92.0,  +295.0
1718918340, +3.52, +28.337,    -0.0, +1100.0,   -13.0,  +406.0
1718918940, +3.52, +28.345,    +0.1, +1142.0,   +40.0,  +355.0
1718919540, +3.52, +28.345,    -0.1, +1164.0,   -32.0,  +308.0
1718920140, +3.52, +28.353,    -0.0, +1120.0,   -18.0,  +390.0
1718920740, +3.52, +28.353,    -0.0, +1164.0,   -80.0,  +304.0
1718921340, +3.52, +28.353,    -0.0, +1159.0,    +0.0,  +327.0
1718921940, +3.52, +28.361,    -0.1, +1159.0,   -23.0,  +320.0
1718922540, +3.52, +28.353,    -0.1, +1164.0,   -16.0,  +316.0
1718923140, +3.52, +28.378,    +0.2, +1095.0,   -20.0,  +400.0
1718923740, +3.52, +28.370,    -0.0, +1168.0,   -90.0,  +268.0
1718924340, +3.52, +28.386,    -0.0, +1164.0,   -36.0,  +291.0
1718924940, +3.52, +28.386,    -0.0, +1160.0,    -8.0,  +320.0
1718925540, +3.52, +28.378,    -0.0, +1164.0,   -26.0,  +307.0
1718926140, +3.52, +28.378,    +0.1, +1164.0,   -32.0,  +304.0
1718926740, +3.52, +28.361,    -0.1, +1166.0,   -50.0,  +291.0
1718927340, +3.52, +28.353,    +0.1, +1158.0,   +12.0,  +312.0
1718927940, +3.52, +28.288,    -0.1, +1161.0,   -64.0,  +295.0
1718928540, +3.52, +28.263,    +0.1, +1159.0,    +0.0,  +320.0
1718929140, +3.52, +28.230,    +0.1, +1168.0,   -72.0,  +284.0
1718929740, +3.52, +28.222,    +0.0, +1168.0,   -80.0,  +284.0
1718930340, +3.52, +28.189,    +0.1, +1164.0,   -40.0,  +280.0
1718930940, +3.52, +28.189,    -0.0, +1164.0,   -80.0,  +312.0
1718931540, +3.52, +28.214,    -0.0, +1159.0,   +32.0,  +320.0
1718932140, +3.52, +28.238,    -0.1, +1167.0,   -34.0,  +283.0
1718932740, +3.52, +28.271,    -0.0, +1095.0,   -36.0,  +400.0
1718933340, +3.52, +28.271,    +0.0, +1089.0,   -88.0,  +401.0
1718933940, +3.52, +28.288,    -0.0, +1159.0,   -40.0,  +318.0
1718934540, +3.52, +28.288,    +0.0, +1167.0,   -56.0,  +288.0
1718935140, +3.52, +28.296,    -0.2, +1164.0,   -47.0,  +312.0
1718935740, +3.52, +28.279,    -0.1, +1159.0,    +0.0,  +310.0
1718936340, +3.52, +28.279,    +0.1, +1166.0,    +0.0,  +280.0
1718936940, +3.52, +28.230,    +0.4, +1095.0,   +25.0,  +414.0
1718937540, +3.52, +28.148,    +1.7, +1094.0,   -64.0,  +419.0
1718938140, +3.52, +28.074,    +4.2, +1136.0,   -48.0,  +384.0
1718938740, +3.52, +28.042,    +8.1, +1159.0,   +17.0,  +307.0
1718939340, +3.52, +28.025,   +12.5, +1100.0,   -36.0,  +398.0
1718939940, +3.52, +28.025,   +17.5, +1160.0,   -29.0,  +323.0
1718940540, +3.52, +28.017,   +24.2, +1145.0,   -64.0,  +352.0
1718941140, +3.52, +28.017,   +31.0, +1164.0,   -64.0,  +320.0
1718941740, +3.52, +28.000,   +39.8, +1159.0,   +24.0,  +326.0
1718942340, +3.52, +27.984,   +54.1, +1155.0,   +32.0,  +320.0
1718942940, +3.52, +27.943,   +66.4, +1168.0,   -71.0,  +270.0
1718943540, +3.52, +27.918,   +78.6, +1164.0,   -40.0,  +312.0
1718944140, +3.52, +27.902,   +84.7, +1096.0,   -36.0,  +414.0
1718944740, +3.52, +27.877,   +64.8, +1095.0,   -13.0,  +415.0
1718945340, +3.52, +27.828,  +112.9, +1166.0,   -32.0,  +307.0
1718945940, +3.52, +27.762,   +78.5, +1089.0,   +32.0,  +412.0
1718946540, +3.52, +27.696,  +145.1, +1107.0,   -93.0,  +408.0
1718947140, +3.52, +27.647,  +157.7, +1120.0,   +16.0,  +412.0
1718947740, +3.52, +27.614,  +177.8, +1161.0,    +2.0,  +310.0
1718948340, +3.52, +27.597,  +186.7, +1096.0,   -32.0,  +408.0
1718948940, +3.52, +27.614,  +203.3, +1102.0,   -32.0,  +416.0
1718949540, +3.52, +27.696,  +216.9, +1088.0,    -8.0,  +407.0
1718950140, +3.52, +27.762,  +246.1, +1099.0,   -25.0,  +423.0
1718950740, +3.52, +27.885,  +248.8, +1100.0,   -25.0,  +406.0
1718951340, +3.52, +27.992,  +272.8, +1167.0,    +8.0,  +272.0
1718951940, +3.52, +28.066,  +283.6, +1164.0,   -56.0,  +307.0
1718952540, +3.52, +28.091,  +309.6, +1161.0,   +16.0,  +318.0
1718953140, +3.52, +28.115,  +321.8, +1164.0,   -20.0,  +312.0
1718953740, +3.52, +28.181,  +332.9, +1155.0,   +64.0,  +344.0
1718954340, +3.52, +28.263,  +349.0, +1095.0,  -104.0,  +414.0
1718954940, +3.52, +28.312,  +359.0, +1091.0,   -58.0,  +408.0
1718955540, +3.52, +28.353,  +371.1, +1094.0,   -40.0,  +414.0
1718956140, +3.52, +28.370,  +376.3, +1095.0,    +0.0,  +425.0
1718956740, +3.52, +28.394,  +389.6, +1096.0,   -93.0,  +423.0
1718957340, +3.52, +28.402,  +385.6, +1094.0,  -104.0,  +398.0
1718957940, +3.52, +28.378,  +388.7, +1096.0,  -144.0,  +423.0
