7530-872651
OS REV: 1.08 Sensor Cal: 1702281600 Averages: 30
Time (sec),  Bat (Volts),   T (deg C),  PAR (umol/(s m^2))  Ax (mg), Ay (mg), Az (mg)
1723047540, +3.52, +31.486,    +4.4, +1136.0,   -32.0,  +454.0
1723048140, +3.53, +31.462,    +2.9, +1136.0,    -8.0,  +326.0
1723048740, +3.52, +31.383,    +1.2, +1168.0,   -40.0,  +278.0
1723049340, +3.52, +31.359,    +0.4, +1136.0,   -40.0,  +422.0
1723049940, +3.52, +31.383,    +0.0, +1104.0,   -84.0,  +428.0
1723050540, +3.52, +31.462,    -0.2, +1128.0,   -40.0,  +433.0
1723051140, +3.53, +31.359,    -0.1, +1128.0,   -49.0,  +401.0
1723051740, +3.53, +31.192,    -0.1, +1132.0,   -32.0,  +391.0
1723052340, +3.53, +31.065,    -0.1, +1168.0,   -40.0,  +326.0
1723052940, +3.53, +30.985,    -0.0, +1168.0,   -72.0,  +252.0
1723053540, +3.53, +30.961,    -0.0, +1167.0,   -40.0,  +294.0
1723054140, +3.53, +30.961,    +0.0, +1168.0,   -80.0,  +320.0
1723054740, +3.53, +30.953,    -0.1, +1169.0,   -42.0,  +342.0
1723055340, +3.53, +30.953,    -0.0, +1168.0,   -64.0,  +304.0
1723055940, +3.53, +30.953,    +0.0, +1166.0,   -56.0,  +376.0
1723056540, +3.53, +30.945,    +0.1, +1169.0,   -96.0,  +256.0
1723057140, +3.53, +30.913,    -0.1, +1168.0,   -68.0,  +336.0
1723057740, +3.53, +30.881,    -0.1, +1168.0,  -114.0,  +272.0
1723058340, +3.53, +30.873,    -0.1, +1167.0,   -28.0,  +224.0
1723058940, +3.53, +30.849,    -0.1, +1168.0,   -79.0,  +288.0
1723059540, +3.53, +30.753,    +0.1, +1167.0,   -64.0,  +376.0
1723060140, +3.53, +30.697,    -0.0, +1168.0,   -50.0,  +284.0
1723060740, +3.53, +30.673,    -0.2, +1168.0,   -64.0,  +359.0
1723061340, +3.53, +30.681,    -0.2, +1168.0,   -72.0,  +291.0
1723061940, +3.53, +30.681,    +0.0, +1168.0,   -80.0,  +284.0
1723062540, +3.53, +30.697,    -0.0, +1168.0,   -80.0,  +284.0
1723063140, +3.53, +30.697,    -0.0, +1169.0,  -100.0,  +352.0
1723063740, +3.53, +30.593,    +0.0, +1168.0,   -58.0,  +248.0
1723064340, +3.52, +30.521,    +0.1, +1168.0,   -48.0,  +336.0
1723064940, +3.52, +30.480,    +0.1, +1167.0,   -50.0,  +284.0
1723065540, +3.52, +30.464,    +0.1, +1166.0,   -32.0,  +308.0
1723066140, +3.52, +30.464,    +0.0, +1161.0,  -112.0,  +152.0
1723066740, +3.52, +30.448,    -0.0, +1171.0,   -72.0,  +272.0
1723067340, +3.52, +30.456,    +0.1, +1158.0,   -64.0,  +475.0
1723067940, +3.52, +30.448,    -0.0, +1168.0,   -88.0,  +264.0
1723068540, +3.52, +30.456,    -0.1, +1169.0,   -64.0,  +295.0
1723069140, +3.52, +30.448,    +0.0, +1168.0,   -68.0,  +271.0
1723069740, +3.52, +30.448,    +0.1, +1169.0,   -84.0,  +296.0
1723070340, +3.52, +30.448,    -0.1, +1168.0,   -32.0,  +319.0
1723070940, +3.52, +30.400,    +0.0, +1166.0,   -96.0,  +233.0
1723071540, +3.53, +30.368,    -0.0, +1167.0,   -64.0,  +272.0
1723072140, +3.52, +30.336,    +0.0, +1167.0,   -77.0,  +376.0
1723072740, +3.52, +30.336,    -0.0, +1166.0,   -29.0,  +216.0
1723073340, +3.52, +30.320,    +0.0, +1167.0,   -64.0,  +363.0
1723073940, +3.52, +30.320,    +0.1, +1167.0,   -48.0,  +352.0
1723074540, +3.52, +30.296,    +0.0, +1168.0,   -50.0,  +339.0
1723075140, +3.52, +30.288,    -0.0, +1168.0,   -80.0,  +294.0
1723075740, +3.52, +30.288,    -0.0, +1167.0,   -64.0,  +304.0
1723076340, +3.52, +30.296,    +0.1, +1167.0,   -48.0,  +376.0
1723076940, +3.52, +30.304,    +0.0, +1164.0,   -36.0,  +376.0
1723077540, +3.52, +30.304,    +0.0, +1168.0,   -92.0,  +308.0
1723078140, +3.52, +30.312,    -0.0, +1167.0,   -90.0,  +257.0
1723078740, +3.52, +30.320,    -0.1, +1168.0,   -52.0,  +275.0
1723079340, +3.52, +30.352,    -0.0, +1169.0,   -56.0,  +331.0
1723079940, +3.52, +30.368,    -0.1, +1168.0,   -72.0,  +316.0
1723080540, +3.52, +30.400,    +0.1, +1168.0,   -84.0,  +299.0
1723081140, +3.52, +30.424,    -0.0, +1164.0,   -20.0,  +356.0
1723081740, +3.52, +30.448,    -0.1, +1167.0,   -40.0,  +352.0
1723082340, +3.52, +30.472,    +0.1, +1168.0,  -104.0,  +344.0
1723082940, +3.52, +30.489,    +0.0, +1168.0,   -96.0,  +356.0
1723083540, +3.52, +30.489,    +0.0, +1169.0,   -48.0,  +332.0
1723084140, +3.52, +30.505,    -0.1, +1167.0,  -200.0,  +215.0
1723084740, +3.52, +30.480,    -0.1, +1168.0,   -45.0,  +380.0
1723085340, +3.52, +30.432,    -0.1, +1169.0,   -96.0,  +294.0
1723085940, +3.52, +30.416,    +0.3, +1168.0,   -88.0,  +392.0
1723086540, +3.52, +30.400,    +1.5, +1171.0,  -110.0,  +356.0
1723087140, +3.52, +30.400,    +3.8, +1168.0,   -64.0,  +272.0
1723087740, +3.52, +30.400,    +6.8, +1168.0,   -84.0,  +392.0
1723088340, +3.52, +30.416,   +12.1, +1167.0,   -84.0,  +384.0
1723088940, +3.52, +30.400,   +14.3, +1159.0,  -104.0,  +464.0
1723089540, +3.52, +30.384,   +22.5, +1171.0,  -120.0,  +352.0
1723090140, +3.52, +30.368,   +28.8, +1169.0,  -116.0,  +244.0
1723090740, +3.52, +30.360,   +45.7, +1164.0,   -56.0,  +398.0
1723091340, +3.52, +30.360,   +59.8, +1167.0,   -56.0,  +392.0
1723091940, +3.52, +30.344,   +38.2, +1168.0,  -100.0,  +264.0
1723092540, +3.52, +30.336,   +47.4, +1166.0,   -72.0,  +401.0
1723093140, +3.52, +30.344,   +75.5, +1171.0,  -124.0,  +336.0
1723093740, +3.52, +30.344,   +82.7, +1168.0,  -128.0,  +228.0
1723094340, +3.52, +30.352,   +92.4, +1168.0,  -125.0,  +344.0
1723094940, +3.52, +30.360,  +100.6, +1168.0,   -90.0,  +256.0
1723095540, +3.52, +30.384,  +107.2, +1168.0,  -128.0,  +304.0
1723096140, +3.52, +30.416,  +130.0, +1171.0,  -104.0,  +288.0
1723096740, +3.52, +30.432,  +134.3, +1168.0,   -64.0,  +308.0
1723097340, +3.52, +30.440,  +139.8, +1168.0,   -60.0,  +332.0
1723097940, +3.52, +30.456,  +155.9, +1169.0,   -96.0,  +304.0
1723098540, +3.52, +30.456,  +179.4, +1167.0,  -136.0,  +240.0
1723099140, +3.52, +30.456,  +215.0, +1166.0,   -84.0,  +399.0
1723099740, +3.52, +30.456,  +197.7, +1166.0,   -64.0,  +392.0
1723100340, +3.52, +30.448,  +200.6, +1166.0,   -84.0,  +412.0
1723100940, +3.52, +30.456,  +223.0, +1169.0,   -93.0,  +296.0
1723101540, +3.52, +30.432,  +238.8, +1167.0,   -64.0,  +232.0
1723102140, +3.52, +30.424,  +250.7, +1168.0,   -64.0,  +292.0
1723102740, +3.52, +30.424,  +160.5, +1168.0,   -88.0,  +256.0
1723103340, +3.52, +30.480,  +242.9, +1169.0,   -96.0,  +328.0
1723103940, +3.52, +30.529,   +85.7, +1169.0,  -100.0,  +312.0
1723104540, +3.52, +30.529,  +274.1, +1171.0,   -76.0,  +334.0
1723105140, +3.52, +30.521,  +274.1, +1168.0,   -93.0,  +305.0
1723105740, +3.52, +30.521,  +280.3, +1164.0,   -72.0,  +216.0
1723106340, +3.52, +30.521,  +278.4, +1169.0,  -112.0,  +260.0
1723106940, +3.52, +30.553,  +281.3, +1168.0,  -104.0,  +274.0
1723107540, +3.52, +30.649,  +282.5, +1167.0,   -40.0,  +400.0
1723108140, +3.52, +30.793,  +265.8, +1169.0,   -84.0,  +304.0
1723108740, +3.52, +30.857,  +259.7, +1167.0,   -84.0,  +224.0
1723109340, +3.52, +30.865,  +247.8, +1168.0,   -64.0,  +296.0
1723109940, +3.52, +30.857,  +263.0, +1171.0,   -72.0,  +312.0
1723110540, +3.52, +30.889,  +261.0, +1161.0,   -64.0,  +179.0
1723111140, +3.52, +30.921,  +255.6, +1171.0,  -160.0,  +276.0
1723111740, +3.52, +30.929,  +245.5, +1171.0,   -93.0,  +312.0
1723112340, +3.52, +30.913,  +252.2, +1167.0,   -77.0,  +224.0
1723112940, +3.52, +30.905,  +242.2, +1171.0,  -100.0,  +280.0
1723113540, +3.52, +30.945,  +247.3, +1167.0,   -84.0,  +304.0
1723114140, +3.52, +30.961,  +245.8, +1144.0,   -57.0,  +422.0
1723114740, +3.52, +30.937,  +249.8, +1168.0,   -80.0,  +300.0
1723115340, +3.52, +30.897,  +242.6, +1167.0,   -48.0,  +224.0
1723115940, +3.52, +30.889,  +238.0, +1167.0,   -52.0,  +400.0
1723116540, +3.52, +30.897,  +228.8, +1167.0,   -80.0,  +430.0
1723117140, +3.52, +30.913,  +218.7, +1164.0,  -104.0,  +188.0
1723117740, +3.52, +30.905,  +220.4, +1171.0,  -100.0,  +289.0
1723118340, +3.52, +30.889,  +207.6, +1166.0,   -80.0,  +384.0
1723118940, +3.52, +30.889,  +197.7, +1168.0,   -90.0,  +335.0
1723119540, +3.52, +30.929,  +180.9, +1166.0,  -136.0,  +192.0
1723120140, +3.52, +30.969,  +170.5, +1169.0,   -26.0,  +340.0
1723120740, +3.52, +30.993,  +170.2, +1167.0,  -128.0,  +260.0
1723121340, +3.52, +30.985,  +153.5, +1168.0,  -136.0,  +307.0
1723121940, +3.52, +30.953,  +147.1, +1159.0,   -61.0,  +460.0
1723122540, +3.52, +30.969,  +140.7, +1139.0,   -80.0,  +420.0
1723123140, +3.52, +31.009,  +125.2, +1168.0,   -24.0,  +308.0
1723123740, +3.52, +31.057,  +109.6, +1167.0,   -76.0,  +352.0
1723124340, +3.52, +31.136,  +100.2, +1142.0,   -36.0,  +414.0
1723124940, +3.52, +31.152,  +105.5, +1128.0,   -44.0,  +551.0
1723125540, +3.52, +31.120,   +90.0, +1140.0,   -56.0,  +415.0
1723126140, +3.52, +31.097,   +88.8, +1167.0,   -45.0,  +204.0
1723126740, +3.52, +31.089,   +80.7, +1168.0,  -144.0,  +284.0
1723127340, +3.52, +31.049,   +71.4, +1132.0,   -20.0,  +515.0
1723127940, +3.52, +31.065,   +61.3, +1140.0,   -90.0,  +352.0
1723128540, +3.52, +31.081,   +55.0, +1168.0,   -79.0,  +326.0
1723129140, +3.52, +31.105,   +47.9, +1139.0,   -77.0,  +304.0
1723129740, +3.52, +31.073,   +44.5, +1137.0,   -16.0,  +344.0
1723130340, +3.52, +30.977,   +34.2, +1168.0,   -44.0,  +284.0
1723130940, +3.52, +30.929,   +29.6, +1166.0,   -32.0,  +420.0
1723131540, +3.52, +30.913,   +23.6, +1171.0,   -80.0,  +294.0
1723132140, +3.52, +30.913,   +18.5, +1164.0,   -89.0,  +188.0
1723132740, +3.53, +30.913,   +14.4, +1168.0,   -94.0,  +304.0
1723133340, +3.53, +30.937,    +9.6, +1166.0,  -114.0,  +272.0
1723133940, +3.52, +30.937,    +6.8, +1169.0,   -64.0,  +300.0
