7530-872651
OS REV: 1.08 Sensor Cal: 1702281600 Averages: 30
Time (sec),  Bat (Volts),   T (deg C),  PAR (umol/(s m^2))  Ax (mg), Ay (mg), Az (mg)
1726266540, +3.51, +29.641,    -0.0, +1132.0,    +0.0,  +400.0
1726267140, +3.51, +29.641,    -0.1, +1137.0,   -26.0,  +436.0
1726267740, +3.51, +29.649,    -0.0, +1136.0,   -32.0,  +467.0
1726268340, +3.51, +29.649,    -0.0, +1148.0,   -25.0,  +327.0
1726268940, +3.51, +29.641,    -0.0, +1116.0,   +12.0,  +254.0
1726269540, +3.51, +29.649,    +0.1, +1136.0,    -8.0,  +524.0
1726270140, +3.51, +29.649,    +0.1, +1136.0,   -48.0,  +326.0
1726270740, +3.51, +29.649,    -0.0, +1135.0,   -32.0,  +348.0
1726271340, +3.51, +29.657,    -0.1, +1121.0,   -29.0,  +339.0
1726271940, +3.51, +29.649,    -0.0, +1128.0,   -36.0,  +408.0
1726272540, +3.51, +29.657,    -0.1, +1142.0,   -32.0,  +462.0
1726273140, +3.51, +29.657,    +0.2, +1139.0,   -32.0,  +430.0
1726273740, +3.51, +29.657,    +0.0, +1132.0,   -49.0,  +380.0
1726274340, +3.51, +29.666,    +0.1, +1135.0,    +0.0,  +499.0
1726274940, +3.51, +29.674,    -0.1, +1123.0,   +19.0,  +516.0
1726275540, +3.51, +29.666,    +0.0, +1126.0,    +4.0,  +456.0
1726276140, +3.51, +29.657,    +0.0, +1124.0,   -64.0,  +352.0
1726276740, +3.51, +29.657,    -0.1, +1135.0,   -40.0,  +380.0
1726277340, +3.51, +29.666,    -0.0, +1136.0,   -64.0,  +399.0
1726277940, +3.51, +29.649,    -0.0, +1136.0,   -56.0,  +440.0
1726278540, +3.51, +29.649,    -0.0, +1128.0,    +3.0,  +472.0
1726279140, +3.51, +29.641,    -0.0, +1132.0,    +0.0,  +478.0
1726279740, +3.51, +29.625,    +0.1, +1139.0,   -32.0,  +391.0
1726280340, +3.51, +29.625,    -0.0, +1128.0,   +30.0,  +337.0
1726280940, +3.51, +29.625,    -0.0, +1132.0,   -68.0,  +448.0
1726281540, +3.51, +29.625,    -0.0, +1108.0,   +32.0,  +387.0
1726282140, +3.51, +29.617,    +0.1, +1137.0,   -20.0,  +406.0
1726282740, +3.51, +29.617,    -0.1, +1128.0,   -96.0,  +399.0
1726283340, +3.51, +29.617,    +0.0, +1132.0,   -48.0,  +444.0
1726283940, +3.51, +29.609,    +0.0, +1128.0,   -45.0,  +519.0
1726284540, +3.51, +29.601,    +0.4, +1135.0,   -36.0,  +408.0
1726285140, +3.51, +29.601,    +1.4, +1144.0,   -28.0,  +416.0
1726285740, +3.51, +29.601,    +2.9, +1139.0,   -80.0,   +32.0
1726286340, +3.51, +29.593,    +5.6, +1158.0,   -20.0,  +416.0
1726286940, +3.51, +29.601,    +8.3, +1137.0,    +8.0,  +428.0
1726287540, +3.51, +29.593,    +7.4, +1144.0,   -82.0,  +464.0
1726288140, +3.51, +29.593,    +9.9, +1150.0,   -16.0,  +132.0
1726288740, +3.51, +29.601,   +22.0, +1145.0,   -58.0,  +476.0
1726289340, +3.51, +29.601,   +13.8, +1160.0,   -44.0,  +352.0
1726289940, +3.51, +29.601,   +14.3, +1151.0,   -36.0,  +344.0
1726290540, +3.51, +29.593,   +18.9, +1136.0,   -58.0,  +352.0
1726291140, +3.51, +29.601,   +42.2, +1167.0,   -61.0,  +398.0
1726291740, +3.51, +29.593,   +49.6, +1142.0,   -52.0,  +558.0
1726292340, +3.51, +29.593,   +58.9, +1152.0,   -24.0,  +384.0
1726292940, +3.51, +29.593,   +62.1, +1160.0,   -32.0,  +376.0
1726293540, +3.51, +29.593,   +71.5, +1137.0,    +0.0,  +460.0
1726294140, +3.51, +29.593,   +77.2, +1144.0,   -61.0,  +300.0
1726294740, +3.51, +29.593,   +85.6, +1132.0,    +8.0,  +135.0
1726295340, +3.51, +29.601,   +92.5, +1169.0,  -108.0,  +300.0
1726295940, +3.51, +29.593,   +97.8, +1155.0,   -72.0,  +120.0
1726296540, +3.51, +29.601,  +104.5, +1159.0,   -64.0,  +313.0
1726297140, +3.51, +29.601,  +113.2, +1151.0,   -52.0,  +304.0
1726297740, +3.51, +29.609,  +116.5, +1148.0,    -8.0,  +545.0
1726298340, +3.51, +29.601,  +130.2, +1152.0,   -32.0,  +416.0
1726298940, +3.51, +29.601,  +138.0, +1164.0,   -52.0,  +440.0
1726299540, +3.51, +29.609,  +145.2, +1168.0,   -88.0,  +364.0
1726300140, +3.51, +29.609,  +140.0, +1148.0,   -40.0,  +288.0
1726300740, +3.51, +29.609,   +55.0, +1148.0,   -64.0,  +364.0
1726301340, +3.51, +29.609,  +176.7, +1136.0,   -16.0,  +224.0
1726301940, +3.51, +29.609,  +177.0, +1143.0,   -16.0,  +488.0
1726302540, +3.51, +29.625,  +170.6, +1159.0,   -64.0,  +508.0
1726303140, +3.51, +29.625,  +166.3, +1168.0,   -16.0,  +256.0
1726303740, +3.51, +29.633,   +39.2, +1167.0,   -58.0,  +272.0
1726304340, +3.51, +29.641,  +170.4, +1139.0,   -80.0,  +302.0
1726304940, +3.51, +29.641,  +184.2, +1150.0,   -40.0,  +360.0
1726305540, +3.51, +29.649,  +178.6, +1137.0,   -24.0,  +534.0
1726306140, +3.51, +29.657,  +163.1, +1137.0,   -40.0,  +470.0
1726306740, +3.51, +29.625,  +174.6, +1144.0,   -88.0,  +438.0
1726307340, +3.51, +29.609,  +164.6, +1145.0,   -32.0,  +392.0
1726307940, +3.51, +29.601,  +173.7, +1144.0,  -127.0,  +438.0
1726308540, +3.51, +29.601,  +101.8, +1155.0,   -13.0,  +291.0
1726309140, +3.51, +29.617,  +167.8, +1164.0,   -64.0,  +390.0
1726309740, +3.51, +29.633,  +162.9, +1142.0,   -98.0,  +352.0
1726310340, +3.51, +29.633,  +168.9, +1136.0,   -56.0,  +292.0
1726310940, +3.51, +29.666,  +175.9, +1120.0,   -89.0,  +214.0
1726311540, +3.51, +29.698,  +169.4, +1143.0,   -40.0,  +403.0
1726312140, +3.51, +29.730,  +166.8, +1132.0,   -15.0,  +604.0
1726312740, +3.51, +29.738,  +170.3, +1153.0,   -26.0,  +326.0
1726313340, +3.51, +29.763,  +172.6, +1128.0,   +12.0,  +310.0
1726313940, +3.51, +29.779,   +29.0, +1120.0,   +19.0,  +560.0
1726314540, +3.51, +29.779,  +146.2, +1136.0,   -32.0,  +352.0
1726315140, +3.51, +29.779,  +127.6, +1132.0,  -168.0,  +368.0
1726315740, +3.51, +29.795,  +122.6, +1123.0,    -8.0,  +240.0
1726316340, +3.51, +29.803,  +113.5, +1129.0,   -76.0,  +492.0
1726316940, +3.51, +29.803,  +101.7, +1120.0,   -25.0,  +271.0
1726317540, +3.51, +29.811,  +106.7, +1129.0,   -64.0,  +504.0
1726318140, +3.51, +29.819,  +105.6, +1134.0,   -20.0,  +502.0
1726318740, +3.51, +29.844,   +89.2, +1136.0,   -15.0,  +444.0
1726319340, +3.51, +29.860,   +43.6, +1118.0,    +4.0,  +344.0
1726319940, +3.51, +29.868,   +29.9, +1129.0,   -40.0,  +304.0
1726320540, +3.51, +29.876,   +78.1, +1136.0,   -40.0,  +344.0
1726321140, +3.51, +29.892,   +66.0, +1105.0,   -72.0,  +192.0
1726321740, +3.51, +29.900,   +25.3, +1124.0,   -64.0,  +435.0
1726322340, +3.51, +29.900,   +19.7, +1112.0,  -140.0,  +310.0
1726322940, +3.51, +29.900,   +31.3, +1121.0,  -141.0,  +336.0
1726323540, +3.51, +29.892,   +21.4, +1113.0,   -84.0,  +582.0
1726324140, +3.51, +29.900,   +51.9, +1116.0,   -18.0,  +254.0
1726324740, +3.51, +29.892,   +31.6, +1127.0,   -64.0,  +275.0
1726325340, +3.51, +29.900,   +24.0, +1120.0,   -72.0,  +252.0
1726325940, +3.51, +29.900,   +15.0, +1127.0,    +0.0,  +448.0
1726326540, +3.51, +29.900,   +12.9, +1127.0,   -48.0,  +460.0
1726327140, +3.51, +29.900,   +11.1, +1126.0,   -57.0,  +376.0
1726327740, +3.51, +29.892,    +7.6, +1123.0,   -44.0,  +572.0
1726328340, +3.51, +29.892,    +5.0, +1132.0,    -8.0,  +400.0
1726328940, +3.51, +29.884,    +2.4, +1127.0,    +8.0,  +528.0
1726329540, +3.51, +29.876,    +1.0, +1159.0,   -61.0,  +136.0
1726330140, +3.51, +29.876,    +0.1, +1150.0,  -119.0,  +256.0
1726330740, +3.51, +29.876,    +0.0, +1164.0,   +44.0,  +336.0
1726331340, +3.51, +29.876,    -0.0, +1169.0,   -40.0,  +339.0
1726331940, +3.51, +29.860,    -0.1, +1168.0,   -39.0,  +304.0
1726332540, +3.51, +29.860,    +0.0, +1158.0,    +0.0,  +163.0
1726333140, +3.51, +29.852,    -0.1, +1161.0,   +16.0,  +295.0
1726333740, +3.51, +29.852,    -0.2, +1159.0,   +24.0,  +400.0
1726334340, +3.51, +29.852,    +0.0, +1167.0,   -72.0,  +364.0
1726334940, +3.51, +29.844,    -0.1, +1167.0,   -25.0,  +368.0
1726335540, +3.51, +29.836,    +0.0, +1164.0,   -36.0,  +414.0
1726336140, +3.51, +29.836,    -0.0, +1171.0,   -48.0,  +312.0
1726336740, +3.51, +29.827,    +0.0, +1168.0,   -36.0,  +280.0
1726337340, +3.51, +29.827,    -0.0, +1169.0,   -48.0,  +368.0
1726337940, +3.51, +29.827,    +0.1, +1159.0,   -42.0,  +496.0
1726338540, +3.51, +29.819,    +0.2, +1120.0,   -32.0,  +672.0
1726339140, +3.51, +29.819,    -0.0, +1164.0,   -47.0,  +214.0
1726339740, +3.51, +29.803,    +0.0, +1145.0,   -64.0,   +88.0
1726340340, +3.51, +29.811,    -0.1, +1159.0,   -80.0,  +476.0
1726340940, +3.51, +29.803,    +0.0, +1159.0,   -16.0,  +200.0
1726341540, +3.51, +29.803,    -0.0, +1139.0,    +3.0,  +595.0
1726342140, +3.51, +29.803,    +0.0, +1166.0,    +8.0,  +308.0
1726342740, +3.51, +29.787,    -0.1, +1160.0,   -15.0,  +284.0
1726343340, +3.51, +29.779,    -0.1, +1167.0,    -8.0,  +336.0
1726343940, +3.51, +29.787,    -0.1, +1144.0,    +0.0,  +566.0
1726344540, +3.51, +29.787,    -0.1, +1161.0,   +12.0,  +412.0
1726345140, +3.51, +29.779,    +0.0, +1159.0,    +0.0,  +456.0
1726345740, +3.51, +29.771,    -0.0, +1167.0,   -16.0,  +360.0
1726346340, +3.51, +29.771,    -0.0, +1169.0,   -16.0,  +295.0
1726346940, +3.51, +29.763,    +0.2, +1166.0,   -68.0,  +256.0
1726347540, +3.51, +29.763,    -0.1, +1167.0,   -31.0,  +316.0
1726348140, +3.51, +29.747,    +0.0, +1166.0,    +0.0,  +280.0
1726348740, +3.51, +29.747,    +0.0, +1167.0,   -40.0,  +294.0
1726349340, +3.51, +29.738,    +0.0, +1164.0,  -120.0,  +188.0
1726349940, +3.51, +29.738,    -0.1, +1167.0,   -88.0,  +240.0
1726350540, +3.51, +29.730,    +0.0, +1160.0,    +8.0,  +192.0
1726351140, +3.51, +29.738,    -0.1, +1151.0,   -26.0,  +496.0
1726351740, +3.51, +29.730,    +0.0, +1167.0,   -13.0,  +275.0
1726352340, +3.51, +29.722,    +0.1, +1171.0,   -64.0,  +377.0
1726352940, +3.51, +29.722,    +0.0, +1161.0,   -16.0,  +204.0
