7530-872651
OS REV: 1.08 Sensor Cal: 1702281600 Averages: 30
Time (sec),  Bat (Volts),   T (deg C),  PAR (umol/(s m^2))  Ax (mg), Ay (mg), Az (mg)
1723917540, +3.52, +31.001,    +0.1, +1123.0,   -56.0,  +494.0
1723918140, +3.52, +31.041,    -0.0, +1116.0,   -77.0,  +350.0
1723918740, +3.52, +31.073,    +0.0, +1168.0,   -56.0,  +328.0
1723919340, +3.52, +31.089,    +0.0, +1169.0,   -56.0,  +284.0
1723919940, +3.52, +31.089,    +0.1, +1092.0,   -68.0,  +487.0
1723920540, +3.52, +31.025,    -0.1, +1167.0,   -32.0,  +332.0
1723921140, +3.52, +30.953,    -0.0, +1095.0,   -48.0,  +380.0
1723921740, +3.52, +30.897,    -0.2, +1128.0,   -52.0,  +409.0
1723922340, +3.52, +30.873,    -0.1, +1118.0,   -48.0,  +399.0
1723922940, +3.52, +30.841,    -0.0, +1120.0,   -77.0,  +256.0
1723923540, +3.52, +30.849,    -0.1, +1134.0,    -4.0,  +448.0
1723924140, +3.52, +30.865,    -0.0, +1127.0,  -112.0,  +300.0
1723924740, +3.52, +30.889,    -0.0, +1136.0,   -32.0,  +416.0
1723925340, +3.52, +30.905,    -0.0, +1120.0,   -20.0,  +416.0
1723925940, +3.52, +30.953,    +0.0, +1102.0,  -148.0,  +268.0
1723926540, +3.52, +30.985,    +0.0, +1129.0,   -58.0,  +448.0
1723927140, +3.52, +30.993,    +0.0, +1120.0,   -29.0,  +415.0
1723927740, +3.52, +30.993,    +0.0, +1126.0,   -10.0,  +432.0
1723928340, +3.52, +30.985,    +0.0, +1103.0,   -60.0,  +361.0
1723928940, +3.52, +30.961,    -0.1, +1166.0,   -32.0,  +208.0
1723929540, +3.52, +30.961,    -0.0, +1105.0,   -56.0,  +359.0
1723930140, +3.52, +30.977,    -0.0, +1167.0,   -58.0,  +199.0
1723930740, +3.52, +30.969,    -0.1, +1126.0,   -68.0,  +376.0
1723931340, +3.52, +30.953,    -0.0, +1107.0,   -64.0,  +428.0
1723931940, +3.52, +30.937,    -0.0, +1112.0,  -104.0,  +291.0
1723932540, +3.52, +30.929,    -0.1, +1120.0,   -45.0,  +364.0
1723933140, +3.52, +30.937,    -0.1, +1167.0,  -121.0,  +224.0
1723933740, +3.52, +30.937,    -0.0, +1118.0,   -77.0,  +337.0
1723934340, +3.52, +30.937,    -0.1, +1116.0,  -111.0,  +220.0
1723934940, +3.52, +30.937,    -0.0, +1167.0,   -52.0,  +412.0
1723935540, +3.52, +30.937,    -0.0, +1113.0,   -40.0,  +310.0
1723936140, +3.52, +30.945,    -0.1, +1134.0,   -28.0,  +376.0
1723936740, +3.52, +30.929,    -0.1, +1112.0,   -72.0,  +400.0
1723937340, +3.52, +30.729,    -0.1, +1134.0,   -57.0,  +504.0
1723937940, +3.52, +30.617,    -0.0, +1135.0,   -36.0,  +392.0
1723938540, +3.52, +30.569,    -0.1, +1113.0,  -108.0,  +184.0
1723939140, +3.52, +30.545,    +0.1, +1136.0,    +9.0,  +492.0
1723939740, +3.52, +30.537,    -0.1, +1127.0,  -104.0,  +280.0
1723940340, +3.52, +30.537,    -0.1, +1129.0,    +0.0,  +542.0
1723940940, +3.52, +30.521,    -0.1, +1136.0,   -52.0,  +422.0
1723941540, +3.52, +30.529,    +0.0, +1132.0,  -112.0,  +326.0
1723942140, +3.52, +30.521,    -0.1, +1127.0,    +0.0,  +320.0
1723942740, +3.52, +30.513,    +0.1, +1134.0,   -48.0,  +455.0
1723943340, +3.52, +30.505,    +0.2, +1136.0,   -16.0,  +467.0
1723943940, +3.52, +30.489,    +0.1, +1127.0,   -40.0,  +583.0
1723944540, +3.52, +30.489,    +0.0, +1164.0,   -64.0,  +440.0
1723945140, +3.52, +30.480,    -0.0, +1150.0,  -180.0,  +100.0
1723945740, +3.52, +30.472,    +0.1, +1167.0,   -48.0,  +390.0
1723946340, +3.52, +30.472,    +0.0, +1166.0,   -80.0,  +224.0
1723946940, +3.52, +30.480,    -0.0, +1167.0,   -68.0,  +232.0
1723947540, +3.52, +30.472,    +0.0, +1144.0,   -68.0,  +572.0
1723948140, +3.52, +30.448,    +0.0, +1166.0,   -56.0,  +240.0
1723948740, +3.52, +30.279,    -0.0, +1159.0,   -72.0,  +140.0
1723949340, +3.52, +30.102,    +0.1, +1151.0,   -40.0,  +499.0
1723949940, +3.52, +29.997,    +0.1, +1160.0,   -40.0,  +404.0
1723950540, +3.52, +29.941,    +0.3, +1169.0,   -52.0,  +348.0
1723951140, +3.52, +29.908,    +1.3, +1166.0,   -32.0,  +257.0
1723951740, +3.52, +29.892,    +2.8, +1159.0,   -64.0,  +467.0
1723952340, +3.52, +29.876,    +5.4, +1168.0,   -55.0,  +332.0
1723952940, +3.52, +29.884,    +8.8, +1159.0,   -74.0,  +480.0
1723953540, +3.52, +29.884,   +11.7, +1164.0,   -68.0,  +198.0
1723954140, +3.52, +29.892,   +16.4, +1167.0,   -72.0,  +371.0
1723954740, +3.52, +29.908,   +21.9, +1168.0,   -52.0,  +376.0
1723955340, +3.52, +29.916,   +28.2, +1155.0,  -100.0,  +102.0
1723955940, +3.52, +29.925,   +33.0, +1148.0,   -93.0,   +64.0
1723956540, +3.52, +29.933,   +36.9, +1167.0,   -61.0,  +408.0
1723957140, +3.52, +29.949,   +44.5, +1168.0,   -76.0,  +336.0
1723957740, +3.52, +29.957,   +57.5, +1166.0,   -16.0,  +368.0
1723958340, +3.52, +29.965,   +55.0, +1167.0,   -48.0,  +210.0
1723958940, +3.52, +29.973,   +64.8, +1171.0,   -96.0,  +304.0
1723959540, +3.52, +29.973,   +56.5, +1166.0,   -36.0,  +384.0
1723960140, +3.52, +29.973,   +75.7, +1164.0,   -64.0,  +410.0
1723960740, +3.52, +29.989,   +81.2, +1167.0,   -89.0,  +224.0
1723961340, +3.52, +30.005,   +89.9, +1161.0,  -120.0,  +145.0
1723961940, +3.52, +30.005,   +62.6, +1123.0,    +6.0,  +611.0
1723962540, +3.52, +30.030,  +111.5, +1166.0,   -64.0,  +416.0
1723963140, +3.52, +30.054,   +36.8, +1168.0,   -52.0,  +287.0
1723963740, +3.52, +30.078,  +110.4, +1144.0,   -31.0,  +352.0
1723964340, +3.52, +30.078,  +149.6, +1144.0,   -36.0,  +392.0
1723964940, +3.52, +30.110,  +148.7, +1168.0,   -48.0,  +278.0
1723965540, +3.52, +30.126,  +145.8, +1139.0,   -32.0,  +489.0
1723966140, +3.52, +30.134,  +153.2, +1128.0,   -12.0,  +608.0
1723966740, +3.52, +30.142,  +180.0, +1136.0,   -23.0,  +488.0
1723967340, +3.52, +30.167,  +182.7, +1167.0,   -48.0,  +404.0
1723967940, +3.52, +30.191,  +195.4, +1144.0,   -84.0,  +376.0
1723968540, +3.52, +30.207,  +203.6, +1155.0,   -32.0,  +496.0
1723969140, +3.52, +30.231,  +203.8, +1136.0,   -64.0,  +300.0
1723969740, +3.52, +30.239,  +207.0, +1142.0,   -32.0,  +399.0
1723970340, +3.52, +30.247,  +209.4, +1127.0,   -20.0,  +591.0
1723970940, +3.52, +30.271,  +196.7, +1169.0,   -52.0,  +288.0
1723971540, +3.52, +30.279,  +188.0, +1137.0,   -29.0,  +448.0
1723972140, +3.52, +30.279,  +189.6, +1144.0,    +0.0,  +408.0
1723972740, +3.52, +30.336,  +165.4, +1120.0,   -98.0,  +168.0
1723973340, +3.52, +30.513,  +208.5, +1139.0,   -72.0,  +360.0
1723973940, +3.52, +30.665,  +225.5, +1120.0,  -154.0,  +192.0
1723974540, +3.52, +30.745,  +231.6, +1136.0,   -42.0,  +339.0
1723975140, +3.52, +30.769,  +228.3, +1136.0,   -29.0,  +417.0
1723975740, +3.52, +30.753,  +233.0, +1134.0,   -84.0,  +336.0
1723976340, +3.52, +30.737,  +209.1, +1136.0,   -45.0,  +392.0
1723976940, +3.52, +30.761,  +197.4, +1136.0,   -64.0,  +326.0
1723977540, +3.52, +30.857,  +196.1, +1121.0,   -64.0,  +544.0
1723978140, +3.52, +30.929,  +176.7, +1120.0,   -89.0,  +574.0
1723978740, +3.52, +31.025,  +167.8, +1104.0,   -36.0,  +476.0
1723979340, +3.52, +31.089,  +157.6, +1169.0,   -58.0,  +304.0
1723979940, +3.52, +31.176,  +150.5, +1161.0,  -141.0,  +217.0
1723980540, +3.52, +31.295,  +144.1, +1168.0,   -52.0,  +372.0
1723981140, +3.52, +31.391,  +132.5, +1167.0,   -80.0,  +275.0
1723981740, +3.52, +31.446,  +137.9, +1164.0,  -144.0,  +220.0
1723982340, +3.52, +31.462,  +129.5, +1168.0,   -36.0,  +348.0
1723982940, +3.52, +31.518,  +113.2, +1167.0,   -64.0,  +263.0
1723983540, +3.52, +31.605,  +102.2, +1144.0,   -20.0,  +368.0
1723984140, +3.52, +31.755,   +96.0, +1155.0,   -80.0,  +406.0
1723984740, +3.52, +31.873,   +93.7, +1136.0,   -76.0,  +432.0
1723985340, +3.52, +31.897,   +90.2, +1139.0,   -32.0,  +467.0
1723985940, +3.52, +31.873,   +79.5, +1144.0,   -88.0,  +304.0
1723986540, +3.52, +31.849,   +88.1, +1136.0,   -64.0,  +465.0
1723987140, +3.52, +31.763,   +82.2, +1151.0,   -40.0,  +384.0
1723987740, +3.52, +31.731,   +70.7, +1166.0,   -77.0,  +332.0
1723988340, +3.52, +31.707,   +64.0, +1166.0,   -45.0,  +328.0
1723988940, +3.52, +31.668,   +62.9, +1164.0,  -144.0,  +208.0
1723989540, +3.52, +31.605,   +54.1, +1127.0,   -26.0,  +572.0
1723990140, +3.52, +31.486,   +54.3, +1168.0,   -64.0,  +316.0
1723990740, +3.52, +31.359,   +45.3, +1168.0,   -88.0,  +228.0
1723991340, +3.52, +31.240,   +42.3, +1100.0,    +8.0,  +502.0
1723991940, +3.52, +31.136,   +34.9, +1121.0,   -96.0,  +380.0
1723992540, +3.52, +31.049,   +34.7, +1168.0,  -152.0,  +300.0
1723993140, +3.52, +31.025,   +29.0, +1120.0,   -96.0,  +360.0
1723993740, +3.52, +31.081,   +25.3, +1120.0,   -24.0,  +408.0
1723994340, +3.52, +31.081,   +20.4, +1167.0,   -88.0,  +240.0
1723994940, +3.52, +31.081,   +16.1, +1118.0,   -80.0,  +284.0
1723995540, +3.52, +31.105,   +12.8, +1121.0,   -52.0,  +536.0
1723996140, +3.52, +31.097,    +9.9, +1135.0,   -64.0,  +348.0
1723996740, +3.52, +31.073,    +7.2, +1171.0,   -88.0,  +377.0
1723997340, +3.52, +31.041,    +4.7, +1134.0,   -88.0,  +408.0
1723997940, +3.52, +31.017,    +2.5, +1121.0,   -36.0,  +552.0
1723998540, +3.52, +31.001,    +1.1, +1127.0,  -128.0,  +312.0
1723999140, +3.52, +30.969,    +0.5, +1126.0,    +6.0,  +444.0
1723999740, +3.52, +30.953,    +0.0, +1116.0,  -112.0,  +515.0
1724000340, +3.52, +30.929,    -0.1, +1120.0,   -80.0,  +404.0
1724000940, +3.52, +30.921,    -0.0, +1164.0,   -45.0,  +252.0
1724001540, +3.52, +30.897,    -0.1, +1168.0,   -98.0,  +380.0
1724002140, +3.52, +30.881,    +0.0, +1116.0,  -154.0,  +294.0
1724002740, +3.52, +30.881,    +0.1, +1120.0,    +7.0,  +532.0
1724003340, +3.52, +30.825,    -0.2, +1136.0,   -40.0,  +414.0
1724003940, +3.52, +30.769,    -0.1, +1128.0,   -52.0,  +264.0
