7530-479402
OS REV: 1.08 Sensor Cal: 1706256000 Averages: 30
Time (sec),  Bat (Volts),   T (deg C),  PAR (umol/(s m^2))  Ax (mg), Ay (mg), Az (mg)
1719389880, +3.52, +27.853,  +107.0, +1241.0,   -24.0,  +208.0
1719390480, +3.52, +27.836,  +106.4, +1208.0,   -25.0,  +356.0
1719391080, +3.52, +27.828,   +92.6, +1204.0,   -16.0,  +360.0
1719391680, +3.52, +27.787,  +106.1, +1240.0,   -16.0,  +207.0
1719392280, +3.52, +27.672,   +72.6, +1207.0,   -16.0,  +359.0
1719392880, +3.52, +27.803,  +115.0, +1204.0,   -25.0,  +371.0
1719393480, +3.52, +27.869,  +118.5, +1206.0,   -12.0,  +364.0
1719394080, +3.52, +27.877,   +56.9, +1240.0,    -8.0,  +211.0
1719394680, +3.52, +27.746,   +70.9, +1208.0,   -16.0,  +355.0
1719395280, +3.52, +27.490,   +59.7, +1206.0,   -24.0,  +355.0
1719395880, +3.52, +27.416,  +123.8, +1208.0,   -20.0,  +356.0
1719396480, +3.52, +27.359,   +56.0, +1208.0,   -20.0,  +355.0
1719397080, +3.52, +27.375,   +52.6, +1208.0,   -25.0,  +352.0
1719397680, +3.52, +27.400,   +45.5, +1208.0,   -45.0,  +359.0
1719398280, +3.52, +27.433,  +106.7, +1208.0,   -24.0,  +352.0
1719398880, +3.52, +27.499,  +100.4, +1208.0,   -28.0,  +355.0
1719399480, +3.52, +27.556,   +95.8, +1208.0,   -42.0,  +364.0
1719400080, +3.52, +27.680,   +93.5, +1208.0,   -29.0,  +354.0
1719400680, +3.52, +27.663,   +87.8, +1208.0,   -20.0,  +359.0
1719401280, +3.52, +27.490,   +65.4, +1207.0,   -20.0,  +352.0
1719401880, +3.52, +27.449,   +44.0, +1206.0,   -26.0,  +354.0
1719402480, +3.52, +27.416,   +75.8, +1208.0,   -16.0,  +355.0
1719403080, +3.52, +27.457,   +73.5, +1240.0,   -14.0,  +215.0
1719403680, +3.52, +27.499,   +65.1, +1209.0,   -13.0,  +359.0
1719404280, +3.52, +27.416,   +61.2, +1208.0,   -25.0,  +352.0
1719404880, +3.52, +27.293,   +60.0, +1208.0,   -24.0,  +358.0
1719405480, +3.52, +27.202,   +59.8, +1209.0,   -36.0,  +359.0
1719406080, +3.52, +27.111,   +57.4, +1209.0,   -16.0,  +352.0
1719406680, +3.52, +27.045,   +51.9, +1208.0,   -20.0,  +359.0
1719407280, +3.52, +26.979,   +47.1, +1212.0,   -29.0,  +344.0
1719407880, +3.52, +26.929,   +45.7, +1212.0,   -16.0,  +352.0
1719408480, +3.52, +26.954,   +42.3, +1209.0,   -16.0,  +348.0
1719409080, +3.52, +26.913,   +40.7, +1212.0,   -16.0,  +355.0
1719409680, +3.52, +27.086,   +41.0, +1209.0,   -24.0,  +355.0
1719410280, +3.52, +26.987,   +35.1, +1212.0,   -20.0,  +345.0
1719410880, +3.52, +26.921,   +32.8, +1208.0,   -20.0,  +352.0
1719411480, +3.52, +26.880,   +29.2, +1211.0,   -26.0,  +352.0
1719412080, +3.52, +26.814,   +26.0, +1209.0,   -16.0,  +359.0
1719412680, +3.52, +26.888,   +23.1, +1212.0,   -32.0,  +364.0
1719413280, +3.52, +26.921,   +21.4, +1211.0,   -20.0,  +352.0
1719413880, +3.52, +26.995,   +18.4, +1212.0,   -16.0,  +354.0
1719414480, +3.52, +27.094,   +16.1, +1208.0,   -26.0,  +358.0
1719415080, +3.52, +27.210,   +13.5, +1209.0,   -44.0,  +368.0
1719415680, +3.52, +27.293,   +12.0, +1208.0,   -25.0,  +368.0
1719416280, +3.52, +27.317,    +9.5, +1208.0,   -39.0,  +368.0
1719416880, +3.52, +27.342,    +8.4, +1208.0,    -8.0,  +372.0
1719417480, +3.52, +27.400,    +6.9, +1208.0,   -20.0,  +364.0
1719418080, +3.52, +27.433,    +5.8, +1208.0,   -32.0,  +368.0
1719418680, +3.52, +27.441,    +4.2, +1206.0,   -16.0,  +355.0
1719419280, +3.52, +27.457,    +2.9, +1244.0,   -25.0,  +223.0
1719419880, +3.52, +27.474,    +1.7, +1208.0,   -16.0,  +364.0
1719420480, +3.52, +27.507,    +0.9, +1209.0,   -29.0,  +384.0
1719421080, +3.52, +27.507,    +0.3, +1206.0,   -12.0,  +364.0
1719421680, +3.52, +27.507,    +0.1, +1204.0,   -32.0,  +374.0
1719422280, +3.52, +27.515,    +0.1, +1206.0,   -32.0,  +376.0
1719422880, +3.52, +27.507,    -0.0, +1208.0,   -13.0,  +368.0
1719423480, +3.52, +27.532,    -0.1, +1203.0,   -24.0,  +384.0
1719424080, +3.52, +27.523,    +0.1, +1208.0,   -26.0,  +388.0
1719424680, +3.52, +27.515,    +0.0, +1208.0,   -29.0,  +371.0
1719425280, +3.52, +27.507,    -0.1, +1203.0,   -28.0,  +392.0
1719425880, +3.52, +27.499,    -0.2, +1208.0,   -40.0,  +387.0
1719426480, +3.52, +27.499,    -0.0, +1206.0,   -26.0,  +380.0
1719427080, +3.52, +27.499,    -0.0, +1208.0,   -15.0,  +368.0
1719427680, +3.52, +27.507,    -0.1, +1201.0,   -16.0,  +396.0
1719428280, +3.52, +27.515,    -0.1, +1203.0,   -16.0,  +396.0
1719428880, +3.52, +27.499,    -0.0, +1207.0,   -32.0,  +380.0
1719429480, +3.52, +27.507,    -0.1, +1203.0,   -24.0,  +384.0
1719430080, +3.52, +27.507,    -0.1, +1204.0,   -13.0,  +387.0
1719430680, +3.52, +27.507,    +0.0, +1208.0,   -29.0,  +368.0
1719431280, +3.52, +27.499,    -0.0, +1207.0,   -20.0,  +374.0
1719431880, +3.52, +27.499,    +0.0, +1206.0,   -29.0,  +372.0
1719432480, +3.52, +27.490,    -0.0, +1203.0,   -36.0,  +384.0
1719433080, +3.52, +27.490,    +0.0, +1204.0,   -12.0,  +376.0
1719433680, +3.52, +27.499,    +0.0, +1206.0,    -7.0,  +376.0
1719434280, +3.52, +27.515,    -0.0, +1206.0,   -32.0,  +384.0
1719434880, +3.52, +27.523,    -0.0, +1208.0,   -16.0,  +371.0
1719435480, +3.52, +27.507,    -0.0, +1204.0,   -18.0,  +366.0
1719436080, +3.52, +27.474,    -0.1, +1201.0,   -28.0,  +380.0
1719436680, +3.52, +27.449,    +0.0, +1203.0,   -20.0,  +380.0
1719437280, +3.52, +27.433,    +0.1, +1208.0,   -16.0,  +371.0
1719437880, +3.52, +27.424,    -0.1, +1203.0,   -20.0,  +369.0
1719438480, +3.52, +27.391,    +0.1, +1208.0,   -16.0,  +368.0
1719439080, +3.52, +27.383,    +0.0, +1206.0,   -32.0,  +376.0
1719439680, +3.52, +27.342,    -0.1, +1207.0,    +3.0,  +360.0
1719440280, +3.52, +27.317,    +0.0, +1206.0,   -16.0,  +359.0
1719440880, +3.52, +27.301,    -0.1, +1206.0,   -24.0,  +371.0
1719441480, +3.52, +27.293,    -0.1, +1207.0,    +0.0,  +376.0
1719442080, +3.52, +27.293,    -0.0, +1203.0,    +0.0,  +368.0
1719442680, +3.52, +27.276,    -0.0, +1209.0,   -16.0,  +360.0
1719443280, +3.52, +27.251,    +0.0, +1203.0,    +0.0,  +384.0
1719443880, +3.52, +27.227,    -0.0, +1208.0,   -10.0,  +371.0
1719444480, +3.52, +27.194,    +0.0, +1208.0,   -26.0,  +361.0
1719445080, +3.52, +27.169,    +0.0, +1208.0,   -16.0,  +352.0
1719445680, +3.52, +27.136,    +0.1, +1208.0,   -32.0,  +355.0
1719446280, +3.52, +27.119,    -0.1, +1208.0,   -20.0,  +355.0
1719446880, +3.52, +27.111,    -0.1, +1208.0,   -32.0,  +364.0
1719447480, +3.52, +27.103,    +0.1, +1208.0,   -29.0,  +356.0
1719448080, +3.52, +27.103,    -0.0, +1206.0,   -25.0,  +356.0
1719448680, +3.52, +27.103,    -0.0, +1206.0,   -16.0,  +359.0
1719449280, +3.52, +27.111,    -0.1, +1208.0,   -32.0,  +360.0
1719449880, +3.52, +27.094,    +0.1, +1208.0,    +0.0,  +344.0
1719450480, +3.52, +27.111,    -0.0, +1212.0,   -36.0,  +350.0
1719451080, +3.52, +27.111,    -0.1, +1208.0,   -32.0,  +348.0
1719451680, +3.52, +27.136,    -0.0, +1209.0,   -32.0,  +352.0
1719452280, +3.52, +27.152,    -0.0, +1208.0,   -26.0,  +352.0
1719452880, +3.52, +27.136,    -0.1, +1209.0,   -36.0,  +371.0
1719453480, +3.52, +27.169,    -0.0, +1207.0,    +8.0,  +340.0
1719454080, +3.52, +27.161,    -0.1, +1208.0,   -36.0,  +360.0
1719454680, +3.52, +27.169,    +0.0, +1212.0,   -24.0,  +352.0
1719455280, +3.52, +27.177,    +0.1, +1206.0,   -32.0,  +359.0
1719455880, +3.52, +27.202,    +0.5, +1208.0,   -31.0,  +364.0
1719456480, +3.52, +27.218,    +1.3, +1211.0,   -28.0,  +356.0
1719457080, +3.52, +27.227,    +2.7, +1208.0,   -26.0,  +364.0
1719457680, +3.52, +27.227,    +4.3, +1208.0,   -12.0,  +358.0
1719458280, +3.52, +27.251,    +6.0, +1212.0,   -64.0,  +374.0
1719458880, +3.52, +27.268,    +9.8, +1209.0,   -31.0,  +368.0
1719459480, +3.52, +27.268,   +10.4, +1209.0,   -26.0,  +361.0
1719460080, +3.52, +27.268,   +16.3, +1209.0,   -16.0,  +364.0
1719460680, +3.52, +27.268,   +18.6, +1208.0,   -36.0,  +360.0
1719461280, +3.52, +27.260,   +17.4, +1207.0,   -16.0,  +376.0
1719461880, +3.52, +27.284,   +33.5, +1208.0,   -18.0,  +372.0
1719462480, +3.52, +27.301,   +23.9, +1206.0,   -16.0,  +387.0
1719463080, +3.52, +27.301,   +26.2, +1208.0,    -4.0,  +368.0
1719463680, +3.52, +27.301,   +20.5, +1208.0,   -20.0,  +368.0
1719464280, +3.52, +27.293,   +29.8, +1207.0,    +0.0,  +356.0
1719464880, +3.52, +27.284,   +30.3, +1208.0,   -32.0,  +366.0
1719465480, +3.52, +27.268,   +35.8, +1207.0,   -23.0,  +368.0
1719466080, +3.52, +27.251,   +30.7, +1209.0,   -13.0,  +361.0
1719466680, +3.52, +27.243,   +66.0, +1211.0,   -13.0,  +368.0
1719467280, +3.52, +27.218,   +78.9, +1209.0,   -40.0,  +368.0
1719467880, +3.52, +27.202,   +88.0, +1208.0,    -8.0,  +371.0
1719468480, +3.52, +27.194,   +62.4, +1208.0,   -26.0,  +384.0
1719469080, +3.52, +27.185,   +87.5, +1204.0,   -20.0,  +376.0
1719469680, +3.52, +27.194,   +43.3, +1208.0,   -24.0,  +368.0
1719470280, +3.52, +27.177,   +45.4, +1209.0,   -36.0,  +376.0
1719470880, +3.52, +27.202,  +130.6, +1209.0,    +0.0,  +364.0
1719471480, +3.52, +27.218,  +124.8, +1207.0,   -20.0,  +384.0
1719472080, +3.52, +27.235,  +127.2, +1206.0,    -8.0,  +392.0
1719472680, +3.52, +27.227,  +134.5, +1204.0,    +8.0,  +385.0
1719473280, +3.52, +27.218,  +139.9, +1208.0,   -13.0,  +374.0
1719473880, +3.52, +27.210,  +145.3, +1208.0,   -16.0,  +372.0
1719474480, +3.52, +27.185,  +151.9, +1208.0,   -16.0,  +376.0
1719475080, +3.52, +27.177,  +163.4, +1208.0,   -24.0,  +364.0
1719475680, +3.52, +27.161,  +166.4, +1208.0,   -45.0,  +376.0
1719476280, +3.52, +27.169,  +168.5, +1208.0,   -28.0,  +371.0
