7530-479402
OS REV: 1.08 Sensor Cal: 1706256000 Averages: 30
Time (sec),  Bat (Volts),   T (deg C),  PAR (umol/(s m^2))  Ax (mg), Ay (mg), Az (mg)
1724087880, +3.51, +30.102,    -0.0, +1136.0,   -55.0,  +416.0
1724088480, +3.52, +30.239,    +0.0, +1235.0,   -40.0,  +252.0
1724089080, +3.51, +30.167,    -0.0, +1144.0,   -16.0,  +419.0
1724089680, +3.52, +30.167,    -0.1, +1232.0,   -32.0,  +264.0
1724090280, +3.51, +30.167,    -0.1, +1153.0,   -56.0,  +428.0
1724090880, +3.51, +30.151,    +0.0, +1244.0,   -24.0,  +208.0
1724091480, +3.51, +30.207,    +0.0, +1240.0,   -20.0,  +231.0
1724092080, +3.51, +30.215,    -0.1, +1235.0,    +0.0,  +240.0
1724092680, +3.51, +30.247,    -0.1, +1240.0,    +8.0,  +233.0
1724093280, +3.51, +30.247,    -0.1, +1137.0,   -15.0,  +416.0
1724093880, +3.51, +30.255,    -0.0, +1239.0,   +24.0,  +235.0
1724094480, +3.51, +30.263,    -0.1, +1235.0,   -32.0,  +274.0
1724095080, +3.52, +30.239,    -0.0, +1240.0,   -16.0,  +224.0
1724095680, +3.52, +30.279,    -0.0, +1235.0,   -10.0,  +252.0
1724096280, +3.51, +30.263,    -0.0, +1136.0,   -40.0,  +423.0
1724096880, +3.51, +30.247,    -0.0, +1232.0,   +16.0,  +256.0
1724097480, +3.51, +30.279,    -0.0, +1136.0,   -36.0,  +425.0
1724098080, +3.51, +30.255,    -0.0, +1232.0,   +32.0,  +248.0
1724098680, +3.51, +30.231,    +0.0, +1232.0,   +24.0,  +248.0
1724099280, +3.51, +30.239,    +0.1, +1233.0,    +6.0,  +280.0
1724099880, +3.51, +30.239,    +0.0, +1139.0,   -74.0,  +424.0
1724100480, +3.52, +30.271,    +0.0, +1235.0,   -16.0,  +248.0
1724101080, +3.51, +30.271,    +0.0, +1240.0,   -20.0,  +232.0
1724101680, +3.52, +30.296,    +0.0, +1240.0,   -16.0,  +260.0
1724102280, +3.52, +30.312,    -0.1, +1232.0,    +0.0,  +284.0
1724102880, +3.52, +30.320,    -0.0, +1235.0,    +0.0,  +272.0
1724103480, +3.52, +30.328,    -0.1, +1238.0,   -64.0,  +260.0
1724104080, +3.52, +30.368,    +0.1, +1232.0,   +10.0,  +256.0
1724104680, +3.51, +30.376,    -0.0, +1236.0,   -20.0,  +256.0
1724105280, +3.52, +30.408,    -0.0, +1231.0,    +0.0,  +304.0
1724105880, +3.51, +30.408,    +0.0, +1232.0,    +0.0,  +264.0
1724106480, +3.52, +30.392,    +0.0, +1231.0,   -16.0,  +300.0
1724107080, +3.52, +30.384,    -0.0, +1232.0,   -13.0,  +280.0
1724107680, +3.52, +30.392,    -0.0, +1235.0,   -40.0,  +289.0
1724108280, +3.52, +30.392,    -0.0, +1235.0,   -23.0,  +262.0
1724108880, +3.52, +30.392,    -0.0, +1235.0,   -24.0,  +276.0
1724109480, +3.52, +30.360,    -0.0, +1236.0,   -40.0,  +272.0
1724110080, +3.52, +30.376,    -0.0, +1232.0,    +0.0,  +304.0
1724110680, +3.52, +30.392,    -0.0, +1232.0,   -20.0,  +288.0
1724111280, +3.52, +30.416,    -0.0, +1232.0,   -32.0,  +278.0
1724111880, +3.52, +30.416,    +0.0, +1228.0,   +35.0,  +308.0
1724112480, +3.52, +30.392,    -0.0, +1232.0,   -16.0,  +280.0
1724113080, +3.52, +30.368,    +0.0, +1235.0,    +8.0,  +257.0
1724113680, +3.52, +30.271,    -0.0, +1239.0,    +8.0,  +232.0
1724114280, +3.52, +30.215,    +0.1, +1238.0,   -29.0,  +262.0
1724114880, +3.52, +30.199,    -0.1, +1137.0,   -28.0,  +417.0
1724115480, +3.52, +30.207,    +0.1, +1136.0,   -42.0,  +432.0
1724116080, +3.52, +30.207,    +0.0, +1235.0,   +16.0,  +268.0
1724116680, +3.52, +30.223,    +0.0, +1236.0,   +14.0,  +256.0
1724117280, +3.52, +30.207,    -0.1, +1136.0,   -25.0,  +435.0
1724117880, +3.52, +30.199,    -0.1, +1137.0,   -49.0,  +432.0
1724118480, +3.52, +30.191,    -0.0, +1161.0,   -40.0,  +440.0
1724119080, +3.52, +30.167,    -0.1, +1232.0,    +0.0,  +278.0
1724119680, +3.52, +30.151,    -0.0, +1148.0,   -47.0,  +424.0
1724120280, +3.52, +30.151,    -0.1, +1240.0,   -24.0,  +224.0
1724120880, +3.52, +30.134,    -0.1, +1236.0,   +14.0,  +240.0
1724121480, +3.52, +30.118,    -0.1, +1241.0,   -25.0,  +231.0
1724122080, +3.52, +30.126,    +0.0, +1238.0,   -20.0,  +256.0
1724122680, +3.52, +30.118,    -0.0, +1155.0,   -80.0,  +440.0
1724123280, +3.52, +30.126,    +0.1, +1155.0,   -16.0,  +432.0
1724123880, +3.52, +30.126,    +0.4, +1156.0,   -32.0,  +424.0
1724124480, +3.52, +30.118,    +0.7, +1155.0,   -44.0,  +422.0
1724125080, +3.52, +30.118,    +1.5, +1168.0,   -26.0,  +435.0
1724125680, +3.52, +30.126,    +2.6, +1160.0,   -18.0,  +433.0
1724126280, +3.52, +30.126,    +3.1, +1172.0,   -87.0,  +416.0
1724126880, +3.52, +30.118,    +4.4, +1175.0,   -63.0,  +422.0
1724127480, +3.52, +30.118,    +5.9, +1172.0,   -52.0,  +415.0
1724128080, +3.52, +30.118,    +6.4, +1145.0,   -26.0,  +428.0
1724128680, +3.52, +30.118,    +9.4, +1153.0,   -26.0,  +423.0
1724129280, +3.52, +30.134,   +10.8, +1144.0,   -74.0,  +419.0
1724129880, +3.52, +30.126,   +12.5, +1167.0,   -24.0,  +422.0
1724130480, +3.52, +30.134,   +14.3, +1150.0,   -40.0,  +416.0
1724131080, +3.52, +30.134,   +16.7, +1175.0,   -39.0,  +423.0
1724131680, +3.52, +30.126,   +18.8, +1180.0,   -50.0,  +424.0
1724132280, +3.52, +30.134,   +20.9, +1180.0,   -48.0,  +412.0
1724132880, +3.52, +30.142,   +22.2, +1182.0,   -50.0,  +414.0
1724133480, +3.52, +30.142,   +24.2, +1158.0,   -63.0,  +422.0
1724134080, +3.52, +30.134,   +25.6, +1151.0,   -49.0,  +420.0
1724134680, +3.52, +30.142,   +28.1, +1176.0,   -26.0,  +414.0
1724135280, +3.52, +30.126,   +32.1, +1148.0,   -36.0,  +417.0
1724135880, +3.52, +30.151,   +34.1, +1164.0,   -50.0,  +424.0
1724136480, +3.52, +30.151,   +37.1, +1155.0,   -52.0,  +432.0
1724137080, +3.52, +30.142,   +38.4, +1153.0,   -40.0,  +423.0
1724137680, +3.52, +30.151,   +42.1, +1150.0,   -32.0,  +416.0
1724138280, +3.52, +30.151,   +45.1, +1151.0,   -42.0,  +423.0
1724138880, +3.52, +30.159,   +39.4, +1143.0,   -61.0,  +422.0
1724139480, +3.52, +30.175,   +47.2, +1136.0,   -48.0,  +420.0
1724140080, +3.52, +30.175,   +49.5, +1159.0,   -32.0,  +424.0
1724140680, +3.52, +30.167,   +51.9, +1153.0,   -50.0,  +428.0
1724141280, +3.52, +30.183,   +51.0, +1139.0,   -64.0,  +420.0
1724141880, +3.52, +30.183,   +53.7, +1137.0,   -50.0,  +416.0
1724142480, +3.52, +30.183,   +55.4, +1136.0,   -48.0,  +423.0
1724143080, +3.52, +30.191,   +56.0, +1136.0,   -40.0,  +419.0
1724143680, +3.52, +30.175,   +54.6, +1144.0,   -56.0,  +424.0
1724144280, +3.52, +30.199,   +55.8, +1241.0,   -31.0,  +222.0
1724144880, +3.52, +30.199,   +56.2, +1144.0,   -36.0,  +419.0
1724145480, +3.52, +30.207,   +55.8, +1164.0,   -40.0,  +412.0
1724146080, +3.52, +30.199,   +56.6, +1160.0,   -40.0,  +424.0
1724146680, +3.52, +30.215,   +56.6, +1240.0,   -24.0,  +248.0
1724147280, +3.52, +30.231,   +55.1, +1148.0,   -64.0,  +409.0
1724147880, +3.52, +30.239,   +53.0, +1137.0,   -40.0,  +420.0
1724148480, +3.52, +30.239,   +55.4, +1136.0,   -18.0,  +428.0
1724149080, +3.52, +30.247,   +48.7, +1153.0,   -56.0,  +425.0
1724149680, +3.52, +30.271,   +44.0, +1136.0,   -52.0,  +420.0
1724150280, +3.52, +30.110,   +39.2, +1145.0,   -45.0,  +432.0
1724150880, +3.52, +29.795,   +42.7, +1199.0,   -20.0,  +398.0
1724151480, +3.52, +29.674,   +40.4, +1225.0,    +0.0,  +312.0
1724152080, +3.52, +29.593,   +40.8, +1223.0,    -8.0,  +326.0
1724152680, +3.52, +29.528,   +40.2, +1232.0,   -20.0,  +296.0
1724153280, +3.52, +29.503,   +36.1, +1230.0,   +12.0,  +288.0
1724153880, +3.52, +29.479,   +34.4, +1233.0,    +4.0,  +280.0
1724154480, +3.52, +29.471,   +35.0, +1231.0,   -20.0,  +288.0
1724155080, +3.52, +29.471,   +33.0, +1235.0,   -36.0,  +280.0
1724155680, +3.52, +29.471,   +29.9, +1232.0,    +6.0,  +284.0
1724156280, +3.52, +29.487,   +29.5, +1233.0,   -16.0,  +272.0
1724156880, +3.52, +29.487,   +27.9, +1233.0,   -20.0,  +272.0
1724157480, +3.52, +29.520,   +26.3, +1231.0,   -12.0,  +304.0
1724158080, +3.52, +29.576,   +25.8, +1228.0,   -13.0,  +304.0
1724158680, +3.52, +29.568,   +26.0, +1233.0,   -20.0,  +275.0
1724159280, +3.52, +29.544,   +19.4, +1223.0,   +14.0,  +328.0
1724159880, +3.52, +29.633,   +19.2, +1216.0,   -52.0,  +358.0
1724160480, +3.52, +30.013,   +15.0, +1164.0,   -68.0,  +448.0
1724161080, +3.52, +30.118,   +14.0, +1175.0,   -56.0,  +420.0
1724161680, +3.52, +30.151,   +12.0, +1155.0,   -48.0,  +448.0
1724162280, +3.52, +30.231,   +11.4, +1159.0,   -40.0,  +448.0
1724162880, +3.51, +30.288,   +10.0, +1150.0,   -63.0,  +444.0
1724163480, +3.52, +30.279,    +9.1, +1153.0,   -56.0,  +428.0
1724164080, +3.52, +30.320,    +8.3, +1144.0,   -61.0,  +444.0
1724164680, +3.51, +30.360,    +7.5, +1139.0,   -60.0,  +440.0
1724165280, +3.51, +30.328,    +6.3, +1150.0,   -52.0,  +451.0
1724165880, +3.51, +30.328,    +5.4, +1148.0,   -50.0,  +440.0
1724166480, +3.52, +30.312,    +5.0, +1236.0,   -15.0,  +256.0
1724167080, +3.52, +30.328,    +4.0, +1160.0,   -61.0,  +448.0
1724167680, +3.51, +30.360,    +3.3, +1160.0,   -64.0,  +440.0
1724168280, +3.51, +30.400,    +2.6, +1236.0,   -64.0,  +275.0
1724168880, +3.51, +30.400,    +2.0, +1239.0,   -60.0,  +268.0
1724169480, +3.51, +30.440,    +1.3, +1240.0,   -40.0,  +233.0
1724170080, +3.52, +30.448,    +1.0, +1235.0,   -26.0,  +268.0
1724170680, +3.52, +30.408,    +0.5, +1240.0,   -24.0,  +263.0
1724171280, +3.51, +30.424,    +0.2, +1235.0,   -32.0,  +271.0
1724171880, +3.52, +30.432,    -0.0, +1231.0,   +17.0,  +292.0
1724172480, +3.52, +30.464,    -0.1, +1231.0,   -26.0,  +308.0
1724173080, +3.51, +30.456,    -0.1, +1232.0,    +0.0,  +304.0
1724173680, +3.51, +30.472,    -0.1, +1228.0,   -40.0,  +316.0
1724174280, +3.51, +30.448,    -0.1, +1232.0,   -20.0,  +300.0
