7530-479402
OS REV: 1.08 Sensor Cal: 1706256000 Averages: 30
Time (sec),  Bat (Volts),   T (deg C),  PAR (umol/(s m^2))  Ax (mg), Ay (mg), Az (mg)
1723739880, +3.51, +29.933,    +0.2, +1184.0,   -32.0,  +417.0
1723740480, +3.52, +29.933,    -0.0, +1188.0,   -32.0,  +408.0
1723741080, +3.52, +29.925,    -0.1, +1183.0,   -45.0,  +416.0
1723741680, +3.52, +29.933,    +0.0, +1168.0,   -32.0,  +424.0
1723742280, +3.52, +29.933,    +0.1, +1175.0,   -32.0,  +415.0
1723742880, +3.52, +29.933,    -0.1, +1171.0,   -36.0,  +422.0
1723743480, +3.51, +29.933,    -0.1, +1201.0,   -32.0,  +387.0
1723744080, +3.52, +29.941,    +0.1, +1180.0,   -40.0,  +412.0
1723744680, +3.51, +29.957,    -0.0, +1184.0,   -36.0,  +408.0
1723745280, +3.52, +29.949,    -0.0, +1183.0,   -42.0,  +412.0
1723745880, +3.52, +29.949,    -0.1, +1164.0,   -39.0,  +419.0
1723746480, +3.52, +29.957,    +0.1, +1167.0,   -48.0,  +424.0
1723747080, +3.52, +29.949,    +0.0, +1183.0,   -44.0,  +416.0
1723747680, +3.52, +29.949,    -0.1, +1176.0,   -48.0,  +412.0
1723748280, +3.52, +29.957,    -0.0, +1160.0,   -48.0,  +423.0
1723748880, +3.52, +29.965,    +0.1, +1184.0,   -36.0,  +412.0
1723749480, +3.51, +29.965,    -0.0, +1176.0,   -50.0,  +412.0
1723750080, +3.52, +29.965,    -0.1, +1182.0,   -44.0,  +409.0
1723750680, +3.52, +29.965,    +0.0, +1164.0,   -40.0,  +422.0
1723751280, +3.52, +29.957,    -0.1, +1176.0,   -40.0,  +416.0
1723751880, +3.52, +29.973,    -0.1, +1180.0,   -36.0,  +412.0
1723752480, +3.51, +29.973,    +0.1, +1183.0,   -42.0,  +416.0
1723753080, +3.52, +29.965,    -0.0, +1164.0,   -40.0,  +419.0
1723753680, +3.52, +29.981,    -0.1, +1163.0,   -40.0,  +420.0
1723754280, +3.52, +29.973,    -0.0, +1176.0,   -40.0,  +414.0
1723754880, +3.51, +29.989,    -0.1, +1164.0,   -44.0,  +419.0
1723755480, +3.52, +29.997,    -0.0, +1177.0,   -48.0,  +416.0
1723756080, +3.52, +30.013,    -0.0, +1167.0,   -42.0,  +423.0
1723756680, +3.52, +30.005,    +0.0, +1177.0,   -40.0,  +412.0
1723757280, +3.52, +29.997,    -0.1, +1190.0,   -23.0,  +406.0
1723757880, +3.52, +30.013,    -0.1, +1161.0,   -32.0,  +424.0
1723758480, +3.52, +30.013,    +0.0, +1184.0,   -32.0,  +416.0
1723759080, +3.52, +30.021,    -0.0, +1176.0,   -40.0,  +416.0
1723759680, +3.52, +30.013,    -0.0, +1176.0,   -32.0,  +422.0
1723760280, +3.52, +30.021,    -0.1, +1171.0,   -36.0,  +423.0
1723760880, +3.52, +30.030,    +0.0, +1172.0,   -40.0,  +423.0
1723761480, +3.52, +30.038,    -0.1, +1160.0,   -40.0,  +432.0
1723762080, +3.52, +30.054,    -0.0, +1176.0,   -40.0,  +419.0
1723762680, +3.52, +30.062,    -0.0, +1160.0,   -40.0,  +424.0
1723763280, +3.52, +30.086,    +0.0, +1142.0,   -52.0,  +422.0
1723763880, +3.52, +30.159,    -0.1, +1238.0,   -20.0,  +236.0
1723764480, +3.51, +30.199,    -0.1, +1236.0,    +0.0,  +262.0
1723765080, +3.52, +30.199,    -0.0, +1235.0,   -20.0,  +256.0
1723765680, +3.52, +30.191,    +0.0, +1240.0,   -40.0,  +236.0
1723766280, +3.51, +30.183,    +0.1, +1238.0,   -12.0,  +260.0
1723766880, +3.52, +30.175,    -0.0, +1236.0,   -13.0,  +252.0
1723767480, +3.52, +30.175,    -0.0, +1238.0,    -8.0,  +252.0
1723768080, +3.52, +30.167,    -0.0, +1238.0,   -20.0,  +248.0
1723768680, +3.52, +30.167,    -0.0, +1235.0,   -24.0,  +256.0
1723769280, +3.52, +30.159,    +0.1, +1136.0,   -52.0,  +424.0
1723769880, +3.52, +30.126,    -0.2, +1137.0,   -50.0,  +416.0
1723770480, +3.52, +30.134,    +0.0, +1139.0,   -48.0,  +428.0
1723771080, +3.52, +30.118,    -0.0, +1144.0,   -48.0,  +425.0
1723771680, +3.52, +30.102,    +0.0, +1238.0,   -40.0,  +236.0
1723772280, +3.52, +30.086,    -0.0, +1139.0,   -40.0,  +417.0
1723772880, +3.52, +30.094,    +0.1, +1137.0,   -52.0,  +416.0
1723773480, +3.52, +30.078,    -0.1, +1240.0,   -16.0,  +232.0
1723774080, +3.52, +30.102,    +0.0, +1160.0,   -40.0,  +428.0
1723774680, +3.52, +30.118,    +0.1, +1240.0,   -20.0,  +216.0
1723775280, +3.52, +30.126,    +0.1, +1235.0,   -26.0,  +232.0
1723775880, +3.52, +30.142,    +0.1, +1239.0,   -20.0,  +236.0
1723776480, +3.52, +30.175,    +0.1, +1238.0,   -20.0,  +232.0
1723777080, +3.52, +30.175,    +0.0, +1235.0,   -16.0,  +262.0
1723777680, +3.52, +30.191,    +0.1, +1240.0,   -30.0,  +236.0
1723778280, +3.52, +30.207,    +0.4, +1240.0,   -13.0,  +240.0
1723778880, +3.52, +30.207,    +1.0, +1240.0,   -32.0,  +248.0
1723779480, +3.52, +30.215,    +1.6, +1151.0,   -36.0,  +432.0
1723780080, +3.52, +30.199,    +2.8, +1240.0,    +0.0,  +233.0
1723780680, +3.52, +30.191,    +3.9, +1160.0,   -49.0,  +428.0
1723781280, +3.52, +30.199,    +6.0, +1244.0,   -33.0,  +239.0
1723781880, +3.52, +30.207,    +5.2, +1223.0,   -24.0,  +328.0
1723782480, +3.52, +30.231,    +5.6, +1136.0,   -50.0,  +424.0
1723783080, +3.52, +30.231,    +9.9, +1238.0,   -32.0,  +263.0
1723783680, +3.52, +30.239,   +12.9, +1159.0,   -45.0,  +432.0
1723784280, +3.52, +30.247,   +15.3, +1238.0,   -20.0,  +256.0
1723784880, +3.52, +30.247,   +16.9, +1240.0,    -7.0,  +217.0
1723785480, +3.52, +30.255,   +18.6, +1144.0,   -40.0,  +432.0
1723786080, +3.52, +30.263,   +20.6, +1238.0,   -31.0,  +240.0
1723786680, +3.52, +30.271,   +23.0, +1240.0,   -24.0,  +235.0
1723787280, +3.52, +30.271,   +28.7, +1238.0,   -29.0,  +264.0
1723787880, +3.52, +30.271,   +32.1, +1240.0,   -29.0,  +240.0
1723788480, +3.52, +30.279,   +13.0, +1235.0,   -24.0,  +256.0
1723789080, +3.52, +30.271,   +39.0, +1235.0,    +0.0,  +256.0
1723789680, +3.52, +30.263,   +39.0, +1240.0,    -2.0,  +223.0
1723790280, +3.52, +30.263,   +38.6, +1240.0,    -8.0,  +223.0
1723790880, +3.52, +30.271,   +42.8, +1233.0,   -16.0,  +264.0
1723791480, +3.52, +30.279,   +47.9, +1240.0,   -24.0,  +258.0
1723792080, +3.52, +30.288,   +21.6, +1240.0,   -28.0,  +231.0
1723792680, +3.52, +30.279,   +48.9, +1235.0,   -28.0,  +256.0
1723793280, +3.52, +30.279,   +49.3, +1238.0,    -8.0,  +256.0
1723793880, +3.52, +30.288,   +55.9, +1236.0,   -28.0,  +256.0
1723794480, +3.52, +30.288,   +23.6, +1238.0,   -32.0,  +248.0
1723795080, +3.52, +30.288,   +57.3, +1159.0,   -32.0,  +423.0
1723795680, +3.52, +30.279,   +32.4, +1235.0,   -16.0,  +259.0
1723796280, +3.52, +30.288,   +63.4, +1238.0,    +0.0,  +228.0
1723796880, +3.52, +30.296,   +66.9, +1240.0,   -32.0,  +224.0
1723797480, +3.52, +30.288,   +26.2, +1236.0,    -8.0,  +243.0
1723798080, +3.52, +30.296,   +73.1, +1240.0,    -8.0,  +224.0
1723798680, +3.52, +30.296,   +68.9, +1240.0,   -32.0,  +244.0
1723799280, +3.52, +30.304,   +69.5, +1232.0,   -16.0,  +264.0
1723799880, +3.52, +30.304,   +74.4, +1151.0,   -32.0,  +423.0
1723800480, +3.52, +30.296,   +76.0, +1236.0,    -8.0,  +242.0
1723801080, +3.52, +30.304,   +71.5, +1240.0,   -14.0,  +232.0
1723801680, +3.52, +30.296,   +19.5, +1235.0,   -20.0,  +264.0
1723802280, +3.52, +30.304,   +70.7, +1236.0,    +6.0,  +256.0
1723802880, +3.52, +30.320,   +69.2, +1232.0,   -12.0,  +263.0
1723803480, +3.52, +30.312,   +69.1, +1238.0,   -28.0,  +252.0
1723804080, +3.52, +30.320,   +66.2, +1232.0,    +2.0,  +248.0
1723804680, +3.52, +30.328,   +66.8, +1136.0,   -42.0,  +416.0
1723805280, +3.52, +30.328,   +67.1, +1235.0,   -16.0,  +262.0
1723805880, +3.52, +30.328,   +63.8, +1137.0,   -56.0,  +423.0
1723806480, +3.52, +30.328,   +63.7, +1236.0,   -16.0,  +236.0
1723807080, +3.52, +30.328,   +61.4, +1238.0,   -16.0,  +242.0
1723807680, +3.52, +30.328,   +52.8, +1240.0,    -8.0,  +236.0
1723808280, +3.52, +30.328,   +54.7, +1240.0,   -32.0,  +240.0
1723808880, +3.52, +30.320,   +58.3, +1233.0,    +6.0,  +252.0
1723809480, +3.52, +30.320,   +54.6, +1232.0,   -20.0,  +258.0
1723810080, +3.52, +30.320,   +24.4, +1235.0,   -16.0,  +248.0
1723810680, +3.52, +30.328,   +20.3, +1161.0,   -32.0,  +419.0
1723811280, +3.52, +30.320,   +22.0, +1158.0,   -50.0,  +428.0
1723811880, +3.52, +30.312,   +48.5, +1147.0,   -16.0,  +416.0
1723812480, +3.52, +30.320,   +43.2, +1240.0,   -10.0,  +223.0
1723813080, +3.52, +30.328,   +43.6, +1235.0,   -32.0,  +268.0
1723813680, +3.52, +30.328,   +18.1, +1236.0,    -8.0,  +240.0
1723814280, +3.52, +30.328,   +34.2, +1238.0,    +0.0,  +228.0
1723814880, +3.52, +30.312,   +24.9, +1240.0,    +0.0,  +220.0
1723815480, +3.52, +30.352,   +25.9, +1235.0,   -16.0,  +244.0
1723816080, +3.52, +30.360,   +28.0, +1238.0,   -52.0,  +259.0
1723816680, +3.52, +30.376,   +25.1, +1238.0,   -26.0,  +230.0
1723817280, +3.52, +30.384,   +23.6, +1137.0,   -60.0,  +430.0
1723817880, +3.52, +30.392,   +21.2, +1235.0,   -16.0,  +248.0
1723818480, +3.52, +30.392,   +18.9, +1233.0,   -12.0,  +278.0
1723819080, +3.52, +30.392,   +16.0, +1236.0,   -16.0,  +248.0
1723819680, +3.52, +30.400,   +14.7, +1143.0,   -56.0,  +416.0
1723820280, +3.52, +30.384,   +13.5, +1238.0,   -32.0,  +240.0
1723820880, +3.52, +30.416,   +10.8, +1235.0,   -26.0,  +256.0
1723821480, +3.52, +30.448,    +8.9, +1232.0,   -20.0,  +268.0
1723822080, +3.52, +30.440,    +7.2, +1235.0,   -28.0,  +248.0
1723822680, +3.52, +30.440,    +6.3, +1235.0,   -16.0,  +270.0
1723823280, +3.52, +30.448,    +4.7, +1233.0,   -15.0,  +272.0
1723823880, +3.52, +30.440,    +3.6, +1231.0,    +8.0,  +286.0
1723824480, +3.52, +30.448,    +1.9, +1232.0,   -13.0,  +280.0
1723825080, +3.52, +30.440,    +1.1, +1240.0,   -32.0,  +260.0
1723825680, +3.52, +30.448,    +0.5, +1232.0,   -32.0,  +284.0
1723826280, +3.52, +30.432,    +0.1, +1231.0,    +7.0,  +272.0
