7530-479402
OS REV: 1.08 Sensor Cal: 1706256000 Averages: 30
Time (sec),  Bat (Volts),   T (deg C),  PAR (umol/(s m^2))  Ax (mg), Ay (mg), Az (mg)
1722782880, +3.52, +30.255,   +10.1, +1190.0,   -32.0,  +432.0
1722783480, +3.52, +30.312,    +8.7, +1184.0,   -40.0,  +441.0
1722784080, +3.52, +30.368,    +8.2, +1176.0,   -40.0,  +440.0
1722784680, +3.52, +30.392,    +6.7, +1180.0,   -32.0,  +440.0
1722785280, +3.52, +30.352,    +4.6, +1183.0,   -36.0,  +432.0
1722785880, +3.52, +30.328,    +4.2, +1209.0,   -32.0,  +388.0
1722786480, +3.52, +30.400,    +3.2, +1200.0,   -49.0,  +416.0
1722787080, +3.52, +30.440,    +2.1, +1168.0,   -42.0,  +448.0
1722787680, +3.52, +30.432,    +1.7, +1180.0,   -42.0,  +438.0
1722788280, +3.52, +30.424,    +1.2, +1185.0,   -26.0,  +450.0
1722788880, +3.52, +30.432,    +0.6, +1191.0,   -36.0,  +427.0
1722789480, +3.52, +30.408,    +0.3, +1198.0,   -20.0,  +406.0
1722790080, +3.52, +30.344,    +0.0, +1161.0,   -26.0,  +435.0
1722790680, +3.52, +30.199,    +0.1, +1184.0,   -40.0,  +417.0
1722791280, +3.52, +29.916,    +0.0, +1230.0,   +14.0,  +286.0
1722791880, +3.52, +29.625,    +0.0, +1243.0,   -40.0,  +231.0
1722792480, +3.52, +29.455,    -0.1, +1169.0,   -32.0,  +432.0
1722793080, +3.52, +29.365,    -0.1, +1167.0,   -32.0,  +435.0
1722793680, +3.52, +29.325,    -0.1, +1176.0,   -44.0,  +424.0
1722794280, +3.52, +29.300,    -0.1, +1171.0,   -40.0,  +435.0
1722794880, +3.52, +29.292,    +0.0, +1180.0,   -45.0,  +425.0
1722795480, +3.52, +29.292,    -0.0, +1171.0,   -45.0,  +428.0
1722796080, +3.52, +29.300,    +0.0, +1183.0,   -36.0,  +416.0
1722796680, +3.52, +29.308,    +0.1, +1232.0,    -8.0,  +284.0
1722797280, +3.52, +29.300,    -0.1, +1171.0,   -50.0,  +435.0
1722797880, +3.52, +29.333,    -0.1, +1176.0,   -32.0,  +432.0
1722798480, +3.52, +29.357,    +0.1, +1167.0,   -36.0,  +432.0
1722799080, +3.52, +29.373,    +0.0, +1168.0,   -48.0,  +435.0
1722799680, +3.52, +29.382,    -0.0, +1176.0,   -32.0,  +426.0
1722800280, +3.52, +29.390,    -0.1, +1167.0,   -40.0,  +428.0
1722800880, +3.52, +29.414,    -0.1, +1159.0,   -32.0,  +430.0
1722801480, +3.52, +29.422,    -0.0, +1171.0,   -48.0,  +423.0
1722802080, +3.52, +29.422,    +0.0, +1171.0,   -40.0,  +430.0
1722802680, +3.52, +29.438,    -0.1, +1240.0,   -28.0,  +242.0
1722803280, +3.52, +29.438,    -0.1, +1164.0,   -42.0,  +430.0
1722803880, +3.52, +29.487,    -0.1, +1136.0,   -34.0,  +423.0
1722804480, +3.52, +29.503,    -0.2, +1235.0,   -24.0,  +252.0
1722805080, +3.52, +29.511,    +0.0, +1176.0,   -32.0,  +444.0
1722805680, +3.52, +29.520,    -0.0, +1240.0,   -40.0,  +240.0
1722806280, +3.52, +29.511,    +0.0, +1136.0,   -40.0,  +438.0
1722806880, +3.52, +29.520,    -0.0, +1158.0,   -42.0,  +438.0
1722807480, +3.52, +29.520,    -0.0, +1136.0,   -40.0,  +424.0
1722808080, +3.52, +29.528,    -0.1, +1238.0,   -26.0,  +248.0
1722808680, +3.52, +29.544,    -0.0, +1232.0,   -20.0,  +270.0
1722809280, +3.52, +29.560,    -0.0, +1238.0,   -25.0,  +252.0
1722809880, +3.52, +29.593,    -0.1, +1235.0,    -8.0,  +278.0
1722810480, +3.52, +29.666,    -0.1, +1232.0,   -25.0,  +300.0
1722811080, +3.52, +29.706,    -0.0, +1235.0,   -29.0,  +270.0
1722811680, +3.52, +29.747,    -0.0, +1235.0,   -20.0,  +278.0
1722812280, +3.52, +29.771,    -0.0, +1231.0,   -16.0,  +295.0
1722812880, +3.52, +29.779,    -0.0, +1231.0,   -24.0,  +281.0
1722813480, +3.52, +29.787,    -0.1, +1231.0,    +0.0,  +280.0
1722814080, +3.52, +29.714,    -0.1, +1235.0,   -23.0,  +264.0
1722814680, +3.52, +29.641,    -0.1, +1232.0,    +0.0,  +275.0
1722815280, +3.52, +29.593,    -0.0, +1238.0,    +0.0,  +246.0
1722815880, +3.52, +29.560,    -0.0, +1244.0,    -1.0,  +223.0
1722816480, +3.52, +29.536,    -0.1, +1180.0,   -32.0,  +432.0
1722817080, +3.52, +29.511,    -0.0, +1238.0,    -8.0,  +240.0
1722817680, +3.52, +29.503,    +0.0, +1136.0,   -36.0,  +438.0
1722818280, +3.52, +29.455,    +0.1, +1161.0,   -34.0,  +435.0
1722818880, +3.52, +29.430,    +0.0, +1150.0,   -32.0,  +432.0
1722819480, +3.52, +29.357,    -0.0, +1174.0,   -29.0,  +417.0
1722820080, +3.52, +29.292,    +0.0, +1171.0,   -26.0,  +432.0
1722820680, +3.52, +29.276,    -0.1, +1160.0,   -24.0,  +430.0
1722821280, +3.52, +29.268,    -0.0, +1219.0,   -12.0,  +352.0
1722821880, +3.52, +29.260,    +0.0, +1188.0,   -29.0,  +412.0
1722822480, +3.52, +29.251,    -0.1, +1177.0,   -32.0,  +425.0
1722823080, +3.52, +29.219,    +0.0, +1180.0,   -57.0,  +422.0
1722823680, +3.52, +29.194,    +0.0, +1230.0,   -29.0,  +316.0
1722824280, +3.52, +29.178,    +0.0, +1169.0,   -48.0,  +438.0
1722824880, +3.52, +29.154,    -0.0, +1176.0,   -24.0,  +428.0
1722825480, +3.52, +29.154,    +0.0, +1230.0,    +0.0,  +286.0
1722826080, +3.52, +29.154,    -0.1, +1180.0,   -42.0,  +424.0
1722826680, +3.52, +29.146,    -0.1, +1232.0,    +0.0,  +280.0
1722827280, +3.52, +29.137,    +0.2, +1176.0,   -36.0,  +415.0
1722827880, +3.52, +29.146,    +0.3, +1232.0,   -16.0,  +286.0
1722828480, +3.52, +29.129,    +0.7, +1236.0,   -16.0,  +257.0
1722829080, +3.52, +29.129,    +1.3, +1230.0,    +3.0,  +284.0
1722829680, +3.52, +29.121,    +1.7, +1238.0,   -16.0,  +259.0
1722830280, +3.52, +29.113,    +2.1, +1232.0,   -16.0,  +280.0
1722830880, +3.52, +29.137,    +2.4, +1232.0,   -16.0,  +280.0
1722831480, +3.52, +29.194,    +3.1, +1191.0,   -40.0,  +408.0
1722832080, +3.52, +29.349,    +3.1, +1183.0,   -48.0,  +424.0
1722832680, +3.52, +29.487,    +3.5, +1180.0,   -50.0,  +432.0
1722833280, +3.52, +29.544,    +3.6, +1187.0,   -48.0,  +423.0
1722833880, +3.52, +29.584,    +4.7, +1176.0,   -42.0,  +454.0
1722834480, +3.52, +29.584,    +6.3, +1190.0,   -16.0,  +414.0
1722835080, +3.52, +29.568,    +7.3, +1176.0,   -40.0,  +436.0
1722835680, +3.52, +29.609,    +8.8, +1167.0,   -45.0,  +436.0
1722836280, +3.52, +29.617,    +9.8, +1184.0,   -40.0,  +435.0
1722836880, +3.52, +29.552,    +5.6, +1232.0,   -16.0,  +280.0
1722837480, +3.52, +29.463,   +11.5, +1183.0,   -36.0,  +428.0
1722838080, +3.52, +29.414,   +11.5, +1176.0,   -34.0,  +440.0
1722838680, +3.52, +29.463,   +13.9, +1176.0,   -61.0,  +448.0
1722839280, +3.52, +29.495,   +13.5, +1175.0,   -40.0,  +444.0
1722839880, +3.52, +29.520,   +13.2, +1180.0,   -32.0,  +455.0
1722840480, +3.52, +29.560,    +5.8, +1196.0,   -48.0,  +432.0
1722841080, +3.52, +29.666,   +13.9, +1176.0,   -56.0,  +449.0
1722841680, +3.52, +29.568,   +16.2, +1183.0,   -39.0,  +435.0
1722842280, +3.52, +29.365,   +15.2, +1232.0,   -32.0,  +291.0
1722842880, +3.52, +29.584,   +17.2, +1166.0,   -64.0,  +451.0
1722843480, +3.52, +29.690,   +14.7, +1164.0,   -45.0,  +448.0
1722844080, +3.52, +29.714,   +15.1, +1235.0,   -72.0,  +272.0
1722844680, +3.52, +29.730,   +15.9, +1164.0,   -40.0,  +480.0
1722845280, +3.52, +29.860,   +16.9, +1232.0,   -16.0,  +304.0
1722845880, +3.52, +29.925,   +15.8, +1231.0,   -63.0,  +320.0
1722846480, +3.52, +30.054,   +15.4, +1225.0,   -24.0,  +364.0
1722847080, +3.52, +30.126,   +15.3, +1224.0,    -8.0,  +376.0
1722847680, +3.52, +30.142,   +15.3, +1223.0,   -64.0,  +368.0
1722848280, +3.52, +30.126,   +18.2, +1228.0,   -60.0,  +334.0
1722848880, +3.52, +30.102,   +18.0, +1217.0,   -52.0,  +376.0
1722849480, +3.52, +30.175,   +17.9, +1224.0,   -52.0,  +355.0
1722850080, +3.52, +30.255,   +18.8, +1203.0,   -26.0,  +438.0
1722850680, +3.52, +30.328,   +18.3, +1183.0,   -49.0,  +462.0
1722851280, +3.52, +30.392,   +18.6, +1176.0,   -45.0,  +476.0
1722851880, +3.52, +30.432,   +17.3, +1168.0,   -16.0,  +488.0
1722852480, +3.52, +30.464,   +17.2, +1183.0,   -16.0,  +489.0
1722853080, +3.52, +30.480,   +16.7, +1174.0,   -13.0,  +486.0
1722853680, +3.52, +30.489,   +17.6, +1191.0,   -40.0,  +444.0
1722854280, +3.52, +30.480,   +13.6, +1167.0,   -40.0,  +519.0
1722854880, +3.52, +30.480,   +17.0, +1167.0,   -24.0,  +467.0
1722855480, +3.52, +30.472,   +14.8, +1176.0,   -71.0,  +486.0
1722856080, +3.52, +30.448,   +15.2, +1176.0,    -8.0,  +492.0
1722856680, +3.52, +30.424,   +15.9, +1180.0,   -48.0,  +454.0
1722857280, +3.52, +30.408,   +15.0, +1188.0,   -20.0,  +440.0
1722857880, +3.52, +30.368,   +15.3, +1214.0,   -24.0,  +376.0
1722858480, +3.52, +30.263,   +13.7, +1200.0,   -44.0,  +430.0
1722859080, +3.52, +30.054,   +12.5, +1230.0,    +3.0,  +316.0
1722859680, +3.52, +29.884,   +12.0, +1231.0,    +0.0,  +292.0
1722860280, +3.52, +29.722,   +12.0, +1168.0,   -26.0,  +448.0
1722860880, +3.52, +29.617,   +11.6, +1176.0,   -48.0,  +462.0
1722861480, +3.52, +29.544,    +8.6, +1164.0,   -68.0,  +472.0
1722862080, +3.52, +29.503,    +8.1, +1168.0,   -44.0,  +472.0
1722862680, +3.52, +29.479,    +7.9, +1176.0,   -40.0,  +451.0
1722863280, +3.52, +29.430,    +7.0, +1167.0,   -20.0,  +464.0
1722863880, +3.52, +29.390,    +3.5, +1190.0,   -45.0,  +440.0
1722864480, +3.52, +29.373,    +5.4, +1233.0,   -26.0,  +296.0
1722865080, +3.52, +29.373,    +5.2, +1232.0,   -31.0,  +312.0
1722865680, +3.52, +29.398,    +5.9, +1184.0,   -42.0,  +440.0
1722866280, +3.52, +29.382,    +6.0, +1174.0,   -32.0,  +463.0
1722866880, +3.52, +29.406,    +5.8, +1187.0,   -52.0,  +432.0
1722867480, +3.52, +29.422,    +2.0, +1185.0,   -50.0,  +440.0
1722868080, +3.52, +29.487,    +3.2, +1169.0,   -47.0,  +460.0
1722868680, +3.52, +29.544,    +3.6, +1164.0,   -49.0,  +464.0
1722869280, +3.52, +29.625,    +3.3, +1144.0,   -61.0,  +480.0
