7530-479402
OS REV: 1.08 Sensor Cal: 1706256000 Averages: 30
Time (sec),  Bat (Volts),   T (deg C),  PAR (umol/(s m^2))  Ax (mg), Ay (mg), Az (mg)
1724696880, +3.52, +30.929,    -0.1, +1166.0,   -16.0,  +423.0
1724697480, +3.52, +30.913,    +0.0, +1169.0,   -20.0,  +416.0
1724698080, +3.52, +30.889,    -0.1, +1176.0,   -24.0,  +412.0
1724698680, +3.52, +30.873,    -0.1, +1182.0,   -16.0,  +400.0
1724699280, +3.52, +30.849,    +0.0, +1169.0,    -8.0,  +416.0
1724699880, +3.52, +30.817,    -0.0, +1182.0,    +0.0,  +398.0
1724700480, +3.52, +30.801,    -0.0, +1166.0,   -13.0,  +408.0
1724701080, +3.52, +30.745,    -0.1, +1191.0,   -18.0,  +387.0
1724701680, +3.52, +30.705,    -0.1, +1190.0,   -32.0,  +385.0
1724702280, +3.52, +30.721,    +0.0, +1168.0,    -8.0,  +406.0
1724702880, +3.52, +30.697,    -0.1, +1185.0,   -40.0,  +384.0
1724703480, +3.52, +30.705,    -0.0, +1180.0,   -12.0,  +408.0
1724704080, +3.52, +30.665,    -0.0, +1185.0,    +0.0,  +387.0
1724704680, +3.52, +30.657,    -0.1, +1191.0,    +0.0,  +368.0
1724705280, +3.52, +30.625,    +0.0, +1192.0,   -15.0,  +390.0
1724705880, +3.52, +30.617,    +0.0, +1193.0,   -20.0,  +380.0
1724706480, +3.52, +30.617,    +0.1, +1200.0,   -12.0,  +384.0
1724707080, +3.52, +30.593,    +0.0, +1227.0,    +0.0,  +284.0
1724707680, +3.52, +30.577,    -0.0, +1211.0,   +24.0,  +344.0
1724708280, +3.52, +30.569,    -0.0, +1208.0,   +16.0,  +352.0
1724708880, +3.52, +30.561,    +0.0, +1196.0,   -16.0,  +384.0
1724709480, +3.52, +30.569,    +0.0, +1200.0,    +0.0,  +376.0
1724710080, +3.52, +30.561,    +0.0, +1216.0,    +8.0,  +312.0
1724710680, +3.52, +30.545,    -0.0, +1207.0,    +0.0,  +360.0
1724711280, +3.52, +30.553,    +0.1, +1223.0,   +60.0,  +290.0
1724711880, +3.52, +30.537,    +0.1, +1223.0,    +6.0,  +286.0
1724712480, +3.52, +30.521,    +0.0, +1192.0,   -16.0,  +371.0
1724713080, +3.52, +30.505,    -0.0, +1214.0,   +32.0,  +316.0
1724713680, +3.52, +30.489,    -0.1, +1216.0,    +6.0,  +321.0
1724714280, +3.52, +30.480,    +0.0, +1228.0,   +16.0,  +262.0
1724714880, +3.52, +30.472,    +0.0, +1217.0,   +38.0,  +304.0
1724715480, +3.52, +30.440,    -0.0, +1188.0,   +12.0,  +368.0
1724716080, +3.52, +30.424,    -0.1, +1228.0,   +35.0,  +248.0
1724716680, +3.52, +30.376,    -0.1, +1232.0,   +19.0,  +243.0
1724717280, +3.52, +30.304,    +0.0, +1231.0,   +19.0,  +260.0
1724717880, +3.52, +30.239,    -0.0, +1228.0,   +32.0,  +232.0
1724718480, +3.52, +30.199,    -0.1, +1231.0,   +24.0,  +230.0
1724719080, +3.52, +30.191,    -0.1, +1235.0,   +22.0,  +194.0
1724719680, +3.52, +30.183,    +0.0, +1233.0,   +16.0,  +206.0
1724720280, +3.52, +30.167,    -0.0, +1235.0,   +12.0,  +224.0
1724720880, +3.52, +30.062,    -0.0, +1238.0,   +12.0,  +216.0
1724721480, +3.52, +30.086,    +0.0, +1238.0,   -16.0,  +224.0
1724722080, +3.52, +30.070,    -0.0, +1235.0,   +44.0,  +198.0
1724722680, +3.52, +30.013,    -0.1, +1235.0,   +24.0,  +192.0
1724723280, +3.52, +29.965,    -0.0, +1241.0,    +7.0,  +190.0
1724723880, +3.52, +29.957,    +0.0, +1151.0,    +0.0,  +396.0
1724724480, +3.52, +29.949,    -0.1, +1230.0,   +60.0,  +199.0
1724725080, +3.52, +30.038,    -0.0, +1235.0,   +28.0,  +196.0
1724725680, +3.52, +30.102,    -0.1, +1231.0,   +12.0,  +232.0
1724726280, +3.52, +30.126,    +0.1, +1240.0,   +14.0,  +216.0
1724726880, +3.52, +30.102,    +0.0, +1240.0,    +0.0,  +216.0
1724727480, +3.52, +30.094,    -0.0, +1238.0,   -40.0,  +236.0
1724728080, +3.52, +30.013,    +0.0, +1139.0,   -58.0,  +384.0
1724728680, +3.52, +29.933,    +0.2, +1160.0,    +0.0,  +391.0
1724729280, +3.52, +29.884,    +0.5, +1142.0,    -4.0,  +387.0
1724729880, +3.52, +29.868,    +0.8, +1183.0,    +0.0,  +371.0
1724730480, +3.52, +29.852,    +1.6, +1171.0,   +20.0,  +392.0
1724731080, +3.52, +29.827,    +2.2, +1160.0,   -18.0,  +392.0
1724731680, +3.52, +29.836,    +2.4, +1167.0,   -60.0,  +384.0
1724732280, +3.52, +29.827,    +3.6, +1169.0,   -60.0,  +403.0
1724732880, +3.52, +29.836,    +4.4, +1158.0,   -40.0,  +400.0
1724733480, +3.52, +29.852,    +5.9, +1155.0,   -44.0,  +399.0
1724734080, +3.52, +29.884,    +7.2, +1151.0,   -20.0,  +384.0
1724734680, +3.52, +29.900,    +8.1, +1164.0,   -42.0,  +412.0
1724735280, +3.52, +29.900,    +9.7, +1153.0,   -63.0,  +406.0
1724735880, +3.52, +29.900,   +11.6, +1164.0,   -48.0,  +388.0
1724736480, +3.52, +29.900,   +12.5, +1148.0,   -56.0,  +400.0
1724737080, +3.52, +29.916,   +13.3, +1176.0,   -58.0,  +396.0
1724737680, +3.52, +29.949,   +16.5, +1239.0,   -29.0,  +240.0
1724738280, +3.52, +29.973,   +16.1, +1139.0,   -39.0,  +406.0
1724738880, +3.52, +30.021,   +16.3, +1238.0,   +12.0,  +216.0
1724739480, +3.52, +30.070,   +11.1, +1240.0,   -24.0,  +232.0
1724740080, +3.52, +30.086,   +22.7, +1240.0,   -16.0,  +224.0
1724740680, +3.52, +30.094,   +24.9, +1240.0,   -29.0,  +220.0
1724741280, +3.52, +30.094,   +22.7, +1236.0,   -26.0,  +256.0
1724741880, +3.52, +30.110,   +24.8, +1240.0,   -20.0,  +200.0
1724742480, +3.52, +30.078,   +27.4, +1238.0,   -40.0,  +230.0
1724743080, +3.52, +30.021,   +29.1, +1139.0,   -40.0,  +391.0
1724743680, +3.52, +30.013,   +29.9, +1244.0,   -25.0,  +203.0
1724744280, +3.52, +30.005,   +29.7, +1139.0,   -48.0,  +387.0
1724744880, +3.52, +30.005,   +32.5, +1159.0,   -39.0,  +391.0
1724745480, +3.52, +30.005,   +31.2, +1144.0,   -68.0,  +412.0
1724746080, +3.52, +30.005,   +28.4, +1240.0,   -24.0,  +208.0
1724746680, +3.52, +29.997,   +12.7, +1161.0,   -25.0,  +408.0
1724747280, +3.52, +29.989,   +35.4, +1151.0,   -77.0,  +408.0
1724747880, +3.52, +29.997,   +33.4, +1164.0,   -40.0,  +406.0
1724748480, +3.52, +29.997,   +30.8, +1244.0,   -29.0,  +223.0
1724749080, +3.52, +29.989,   +35.2, +1172.0,   -45.0,  +406.0
1724749680, +3.52, +29.989,   +34.3, +1241.0,   -44.0,  +224.0
1724750280, +3.52, +29.981,   +36.0, +1144.0,   -71.0,  +419.0
1724750880, +3.52, +29.981,   +35.6, +1240.0,   -24.0,  +225.0
1724751480, +3.52, +29.965,   +35.0, +1174.0,   -40.0,  +403.0
1724752080, +3.52, +29.965,   +35.7, +1185.0,   -48.0,  +385.0
1724752680, +3.52, +29.989,   +35.1, +1241.0,   -56.0,  +224.0
1724753280, +3.52, +30.013,   +34.2, +1240.0,   -32.0,  +208.0
1724753880, +3.52, +30.013,   +33.6, +1161.0,   -61.0,  +408.0
1724754480, +3.52, +30.038,   +32.8, +1241.0,   -40.0,  +220.0
1724755080, +3.52, +30.038,   +32.5, +1161.0,   -52.0,  +414.0
1724755680, +3.52, +30.062,   +31.2, +1240.0,   -16.0,  +224.0
1724756280, +3.52, +30.070,   +30.1, +1240.0,   -42.0,  +224.0
1724756880, +3.52, +30.086,   +30.6, +1240.0,   -32.0,  +236.0
1724757480, +3.52, +30.102,   +28.1, +1240.0,   -42.0,  +230.0
1724758080, +3.52, +30.078,   +27.1, +1239.0,   -64.0,  +268.0
1724758680, +3.52, +30.110,   +26.0, +1233.0,   -36.0,  +268.0
1724759280, +3.52, +30.142,   +25.4, +1136.0,   -32.0,  +408.0
1724759880, +3.52, +30.142,   +24.3, +1238.0,   -32.0,  +230.0
1724760480, +3.52, +30.167,   +14.7, +1238.0,   -40.0,  +256.0
1724761080, +3.52, +30.199,   +21.1, +1235.0,   -52.0,  +272.0
1724761680, +3.52, +30.215,   +20.4, +1238.0,   -32.0,  +258.0
1724762280, +3.52, +30.255,   +14.8, +1235.0,   -24.0,  +256.0
1724762880, +3.52, +30.296,   +17.1, +1231.0,    -8.0,  +275.0
1724763480, +3.52, +30.279,   +16.3, +1235.0,   -44.0,  +264.0
1724764080, +3.52, +30.296,   +15.1, +1235.0,   -10.0,  +259.0
1724764680, +3.52, +30.344,   +14.1, +1231.0,   -10.0,  +294.0
1724765280, +3.52, +30.352,   +12.8, +1228.0,   -24.0,  +304.0
1724765880, +3.52, +30.360,   +11.4, +1231.0,   -26.0,  +300.0
1724766480, +3.52, +30.352,   +10.1, +1235.0,   -24.0,  +276.0
1724767080, +3.52, +30.288,    +9.1, +1240.0,   -32.0,  +264.0
1724767680, +3.52, +30.263,    +8.2, +1239.0,   -16.0,  +256.0
1724768280, +3.52, +30.279,    +6.9, +1233.0,   -16.0,  +274.0
1724768880, +3.52, +30.255,    +6.6, +1238.0,   -15.0,  +243.0
1724769480, +3.52, +30.279,    +5.5, +1230.0,   -32.0,  +300.0
1724770080, +3.52, +30.271,    +4.8, +1231.0,   -16.0,  +286.0
1724770680, +3.52, +30.271,    +4.1, +1231.0,    +4.0,  +280.0
1724771280, +3.52, +30.288,    +3.3, +1233.0,   -16.0,  +270.0
1724771880, +3.52, +30.279,    +2.7, +1232.0,    -8.0,  +268.0
1724772480, +3.52, +30.288,    +2.2, +1235.0,    +0.0,  +260.0
1724773080, +3.52, +30.263,    +1.6, +1235.0,   -26.0,  +270.0
1724773680, +3.52, +30.239,    +1.3, +1235.0,    +6.0,  +256.0
1724774280, +3.52, +30.215,    +0.8, +1235.0,    +6.0,  +256.0
1724774880, +3.52, +30.215,    +0.4, +1243.0,   -24.0,  +235.0
1724775480, +3.51, +30.207,    +0.1, +1232.0,    +0.0,  +284.0
1724776080, +3.52, +30.263,    +0.0, +1232.0,   -16.0,  +288.0
1724776680, +3.52, +30.360,    -0.0, +1201.0,    -8.0,  +388.0
1724777280, +3.51, +30.440,    +0.0, +1201.0,    +0.0,  +390.0
1724777880, +3.51, +30.489,    -0.1, +1217.0,    +0.0,  +339.0
1724778480, +3.51, +30.497,    -0.0, +1196.0,   -24.0,  +392.0
1724779080, +3.51, +30.448,    +0.0, +1223.0,    +0.0,  +320.0
1724779680, +3.52, +30.408,    +0.1, +1231.0,    +8.0,  +278.0
1724780280, +3.51, +30.263,    -0.0, +1235.0,   +19.0,  +248.0
1724780880, +3.52, +30.118,    -0.1, +1240.0,    +0.0,  +230.0
1724781480, +3.52, +30.046,    +0.0, +1235.0,   +30.0,  +224.0
1724782080, +3.52, +29.989,    +0.0, +1238.0,    +0.0,  +224.0
1724782680, +3.52, +29.957,    -0.0, +1244.0,   -16.0,  +217.0
1724783280, +3.52, +29.933,    -0.1, +1164.0,   -32.0,  +408.0
