7530-479402
OS REV: 1.08 Sensor Cal: 1706256000 Averages: 30
Time (sec),  Bat (Volts),   T (deg C),  PAR (umol/(s m^2))  Ax (mg), Ay (mg), Az (mg)
1723217880, +3.51, +29.520,    +4.7, +1167.0,   -42.0,  +472.0
1723218480, +3.51, +29.520,    +3.5, +1236.0,    +0.0,  +264.0
1723219080, +3.51, +29.520,    +2.5, +1239.0,   -32.0,  +264.0
1723219680, +3.51, +29.520,    +1.9, +1155.0,   -29.0,  +460.0
1723220280, +3.51, +29.511,    +1.3, +1164.0,   -56.0,  +451.0
1723220880, +3.51, +29.511,    +0.6, +1164.0,   -40.0,  +472.0
1723221480, +3.51, +29.511,    +0.3, +1236.0,   -32.0,  +272.0
1723222080, +3.51, +29.511,    +0.1, +1235.0,   -50.0,  +275.0
1723222680, +3.51, +29.520,    +0.0, +1235.0,   -36.0,  +296.0
1723223280, +3.51, +29.528,    -0.1, +1232.0,    -8.0,  +288.0
1723223880, +3.51, +29.520,    -0.0, +1238.0,    +0.0,  +264.0
1723224480, +3.51, +29.520,    +0.0, +1235.0,   -26.0,  +276.0
1723225080, +3.51, +29.528,    -0.0, +1228.0,    +6.0,  +304.0
1723225680, +3.51, +29.528,    -0.0, +1235.0,   -24.0,  +272.0
1723226280, +3.51, +29.528,    +0.0, +1225.0,    +0.0,  +320.0
1723226880, +3.51, +29.536,    -0.0, +1230.0,   -32.0,  +312.0
1723227480, +3.51, +29.552,    -0.0, +1176.0,   -55.0,  +444.0
1723228080, +3.51, +29.552,    -0.1, +1183.0,   -45.0,  +436.0
1723228680, +3.51, +29.544,    -0.0, +1240.0,   -31.0,  +243.0
1723229280, +3.51, +29.552,    -0.0, +1217.0,   -32.0,  +380.0
1723229880, +3.51, +29.568,    -0.1, +1235.0,   -24.0,  +304.0
1723230480, +3.52, +29.584,    -0.0, +1230.0,   -18.0,  +310.0
1723231080, +3.52, +29.593,    -0.1, +1235.0,   -32.0,  +292.0
1723231680, +3.52, +29.609,    -0.0, +1233.0,   -20.0,  +294.0
1723232280, +3.52, +29.617,    -0.0, +1232.0,   -16.0,  +304.0
1723232880, +3.52, +29.625,    -0.0, +1231.0,   -45.0,  +328.0
1723233480, +3.52, +29.633,    -0.0, +1233.0,   -56.0,  +294.0
1723234080, +3.52, +29.633,    -0.0, +1232.0,    -8.0,  +308.0
1723234680, +3.51, +29.641,    -0.2, +1225.0,   -40.0,  +337.0
1723235280, +3.52, +29.649,    +0.1, +1230.0,   -16.0,  +320.0
1723235880, +3.52, +29.649,    -0.0, +1228.0,    +8.0,  +352.0
1723236480, +3.52, +29.649,    -0.0, +1236.0,    +0.0,  +280.0
1723237080, +3.52, +29.657,    +0.0, +1235.0,   -16.0,  +308.0
1723237680, +3.52, +29.666,    -0.0, +1222.0,   -32.0,  +364.0
1723238280, +3.52, +29.666,    +0.1, +1232.0,   -24.0,  +308.0
1723238880, +3.52, +29.674,    -0.1, +1228.0,    +0.0,  +312.0
1723239480, +3.52, +29.674,    +0.0, +1231.0,   -16.0,  +304.0
1723240080, +3.52, +29.674,    -0.1, +1235.0,    +4.0,  +275.0
1723240680, +3.52, +29.674,    -0.0, +1228.0,   -24.0,  +332.0
1723241280, +3.52, +29.682,    -0.1, +1231.0,   -32.0,  +334.0
1723241880, +3.52, +29.690,    -0.0, +1230.0,    -8.0,  +316.0
1723242480, +3.52, +29.682,    -0.0, +1231.0,   -28.0,  +300.0
1723243080, +3.52, +29.690,    -0.0, +1232.0,   -32.0,  +291.0
1723243680, +3.52, +29.690,    -0.0, +1228.0,   +16.0,  +324.0
1723244280, +3.52, +29.698,    +0.0, +1230.0,   -10.0,  +320.0
1723244880, +3.52, +29.698,    -0.0, +1228.0,   -26.0,  +352.0
1723245480, +3.52, +29.690,    -0.0, +1231.0,   -20.0,  +316.0
1723246080, +3.52, +29.698,    -0.0, +1225.0,   -20.0,  +334.0
1723246680, +3.52, +29.698,    +0.1, +1232.0,   -16.0,  +306.0
1723247280, +3.52, +29.690,    -0.0, +1233.0,   -32.0,  +296.0
1723247880, +3.52, +29.706,    -0.0, +1228.0,    +0.0,  +316.0
1723248480, +3.52, +29.698,    -0.0, +1134.0,   -40.0,  +470.0
1723249080, +3.52, +29.714,    -0.0, +1225.0,   -31.0,  +327.0
1723249680, +3.52, +29.722,    -0.0, +1216.0,   -26.0,  +376.0
1723250280, +3.52, +29.714,    +0.1, +1231.0,   -25.0,  +312.0
1723250880, +3.52, +29.714,    +0.0, +1200.0,   -32.0,  +422.0
1723251480, +3.52, +29.722,    +0.0, +1228.0,    +0.0,  +316.0
1723252080, +3.51, +29.722,    +0.0, +1228.0,    +0.0,  +316.0
1723252680, +3.52, +29.730,    -0.1, +1231.0,    +4.0,  +304.0
1723253280, +3.52, +29.730,    +0.1, +1230.0,   -26.0,  +328.0
1723253880, +3.52, +29.730,    -0.0, +1228.0,   -26.0,  +320.0
1723254480, +3.52, +29.722,    -0.0, +1232.0,   -40.0,  +300.0
1723255080, +3.52, +29.738,    -0.0, +1228.0,   -20.0,  +327.0
1723255680, +3.52, +29.747,    +0.0, +1224.0,   -24.0,  +339.0
1723256280, +3.52, +29.747,    +0.0, +1228.0,   -24.0,  +332.0
1723256880, +3.52, +29.747,    -0.0, +1223.0,   -16.0,  +339.0
1723257480, +3.52, +29.747,    +0.0, +1225.0,   -32.0,  +337.0
1723258080, +3.52, +29.755,    -0.1, +1222.0,    +8.0,  +339.0
1723258680, +3.52, +29.755,    +0.0, +1231.0,    +1.0,  +304.0
1723259280, +3.52, +29.738,    +0.2, +1223.0,   -50.0,  +366.0
1723259880, +3.52, +29.755,    +0.8, +1231.0,    +8.0,  +312.0
1723260480, +3.52, +29.738,    +1.8, +1231.0,   -24.0,  +295.0
1723261080, +3.52, +29.738,    +3.0, +1231.0,   -29.0,  +304.0
1723261680, +3.52, +29.738,    +3.9, +1228.0,    +8.0,  +312.0
1723262280, +3.52, +29.730,    +5.7, +1232.0,   -16.0,  +312.0
1723262880, +3.52, +29.730,    +6.9, +1235.0,   -16.0,  +268.0
1723263480, +3.52, +29.730,    +9.9, +1233.0,   -30.0,  +291.0
1723264080, +3.52, +29.714,    +8.3, +1235.0,   -40.0,  +291.0
1723264680, +3.52, +29.722,   +13.7, +1230.0,   -16.0,  +312.0
1723265280, +3.52, +29.714,   +15.9, +1233.0,   -24.0,  +306.0
1723265880, +3.52, +29.714,   +19.3, +1230.0,   -13.0,  +310.0
1723266480, +3.52, +29.706,   +22.1, +1231.0,   -12.0,  +300.0
1723267080, +3.52, +29.706,   +23.5, +1228.0,   -16.0,  +308.0
1723267680, +3.52, +29.714,   +30.4, +1233.0,   -40.0,  +294.0
1723268280, +3.52, +29.706,   +29.8, +1233.0,   -26.0,  +280.0
1723268880, +3.52, +29.706,   +37.6, +1231.0,    +0.0,  +296.0
1723269480, +3.52, +29.714,   +40.7, +1232.0,    +0.0,  +296.0
1723270080, +3.52, +29.722,   +28.6, +1232.0,   -32.0,  +291.0
1723270680, +3.52, +29.714,   +25.7, +1235.0,   -32.0,  +276.0
1723271280, +3.52, +29.722,   +50.1, +1232.0,   -20.0,  +294.0
1723271880, +3.52, +29.738,   +15.2, +1232.0,   -20.0,  +296.0
1723272480, +3.52, +29.747,   +57.5, +1228.0,   -13.0,  +310.0
1723273080, +3.52, +29.747,   +62.8, +1232.0,   -52.0,  +307.0
1723273680, +3.52, +29.747,   +66.7, +1227.0,    +8.0,  +327.0
1723274280, +3.52, +29.755,   +77.7, +1231.0,   -20.0,  +320.0
1723274880, +3.52, +29.747,   +19.0, +1228.0,   -16.0,  +336.0
1723275480, +3.52, +29.722,   +78.5, +1231.0,   -30.0,  +328.0
1723276080, +3.52, +29.666,   +79.2, +1231.0,   -24.0,  +304.0
1723276680, +3.52, +29.649,   +77.0, +1232.0,   -24.0,  +320.0
1723277280, +3.52, +29.674,   +67.9, +1232.0,   -28.0,  +304.0
1723277880, +3.52, +29.666,   +71.8, +1231.0,   -32.0,  +320.0
1723278480, +3.52, +29.657,   +75.4, +1235.0,   -24.0,  +300.0
1723279080, +3.52, +29.617,   +72.2, +1231.0,   -48.0,  +308.0
1723279680, +3.52, +29.609,   +69.6, +1235.0,   -20.0,  +288.0
1723280280, +3.52, +29.601,   +71.9, +1238.0,   -24.0,  +288.0
1723280880, +3.52, +29.617,   +65.9, +1231.0,   -20.0,  +308.0
1723281480, +3.52, +29.657,   +67.3, +1231.0,   -16.0,  +316.0
1723282080, +3.52, +29.698,   +76.5, +1233.0,   -24.0,  +288.0
1723282680, +3.52, +29.747,   +78.9, +1231.0,   -16.0,  +307.0
1723283280, +3.52, +29.763,   +87.4, +1232.0,    +0.0,  +304.0
1723283880, +3.52, +29.779,   +69.4, +1231.0,   -32.0,  +308.0
1723284480, +3.52, +29.803,   +69.6, +1235.0,   -20.0,  +288.0
1723285080, +3.52, +29.811,   +64.6, +1235.0,   -40.0,  +294.0
1723285680, +3.52, +29.811,   +63.2, +1235.0,   -26.0,  +292.0
1723286280, +3.52, +29.819,   +29.0, +1236.0,   -32.0,  +291.0
1723286880, +3.52, +29.836,   +63.6, +1222.0,   -28.0,  +359.0
1723287480, +3.52, +29.844,   +69.5, +1219.0,   -32.0,  +368.0
1723288080, +3.52, +29.844,   +62.3, +1223.0,   -56.0,  +359.0
1723288680, +3.52, +29.860,   +67.3, +1231.0,   -32.0,  +320.0
1723289280, +3.52, +29.868,   +64.5, +1216.0,   -64.0,  +384.0
1723289880, +3.52, +29.860,   +67.8, +1198.0,   -48.0,  +420.0
1723290480, +3.52, +29.884,   +68.7, +1199.0,   -56.0,  +438.0
1723291080, +3.52, +29.884,   +59.7, +1188.0,   -44.0,  +476.0
1723291680, +3.52, +29.892,   +64.7, +1228.0,   -36.0,  +339.0
1723292280, +3.52, +29.876,   +58.5, +1208.0,   -63.0,  +400.0
1723292880, +3.52, +29.892,   +55.8, +1219.0,   -56.0,  +384.0
1723293480, +3.52, +29.884,   +58.6, +1223.0,   -45.0,  +360.0
1723294080, +3.52, +29.900,   +65.5, +1231.0,   -29.0,  +334.0
1723294680, +3.52, +29.908,   +57.7, +1199.0,   -52.0,  +419.0
1723295280, +3.52, +29.916,   +56.2, +1228.0,   -32.0,  +336.0
1723295880, +3.52, +29.941,   +51.4, +1225.0,   -29.0,  +352.0
1723296480, +3.52, +29.949,   +41.1, +1187.0,   -49.0,  +456.0
1723297080, +3.52, +29.957,   +43.6, +1196.0,   -47.0,  +448.0
1723297680, +3.52, +29.981,   +41.4, +1192.0,   -49.0,  +454.0
1723298280, +3.52, +29.997,   +30.8, +1203.0,   -32.0,  +435.0
1723298880, +3.52, +30.013,   +20.2, +1231.0,    +8.0,  +348.0
1723299480, +3.52, +30.021,   +24.5, +1208.0,   -79.0,  +432.0
1723300080, +3.52, +30.021,   +20.6, +1187.0,   -95.0,  +480.0
1723300680, +3.52, +30.030,   +16.4, +1191.0,   -40.0,  +462.0
1723301280, +3.52, +30.030,   +29.5, +1180.0,   -61.0,  +470.0
1723301880, +3.52, +30.030,   +20.9, +1220.0,   -64.0,  +387.0
1723302480, +3.52, +30.038,   +13.9, +1216.0,   -18.0,  +403.0
1723303080, +3.52, +30.030,   +16.4, +1185.0,   -57.0,  +456.0
1723303680, +3.52, +30.046,    +9.4, +1193.0,    +0.0,  +512.0
1723304280, +3.52, +30.054,    +9.7, +1220.0,   -24.0,  +384.0
