7530-479402
OS REV: 1.08 Sensor Cal: 1706256000 Averages: 30
Time (sec),  Bat (Volts),   T (deg C),  PAR (umol/(s m^2))  Ax (mg), Ay (mg), Az (mg)
1724783880, +3.52, +29.933,    -0.0, +1137.0,   -36.0,  +408.0
1724784480, +3.52, +29.941,    +0.0, +1136.0,   -20.0,  +403.0
1724785080, +3.52, +29.933,    -0.0, +1238.0,    +1.0,  +216.0
1724785680, +3.52, +29.908,    -0.0, +1238.0,   +19.0,  +206.0
1724786280, +3.52, +29.900,    -0.1, +1240.0,   +15.0,  +192.0
1724786880, +3.52, +29.868,    -0.0, +1240.0,   +14.0,  +195.0
1724787480, +3.51, +29.844,    -0.1, +1142.0,   -36.0,  +403.0
1724788080, +3.52, +29.779,    -0.1, +1159.0,   -40.0,  +416.0
1724788680, +3.52, +29.698,    +0.0, +1175.0,   -45.0,  +422.0
1724789280, +3.52, +29.649,    -0.0, +1169.0,   -32.0,  +422.0
1724789880, +3.52, +29.625,    -0.1, +1177.0,   -32.0,  +415.0
1724790480, +3.52, +29.674,    -0.0, +1172.0,   -32.0,  +414.0
1724791080, +3.52, +29.755,    +0.0, +1169.0,   -32.0,  +408.0
1724791680, +3.52, +29.811,    +0.0, +1136.0,   -20.0,  +412.0
1724792280, +3.52, +29.868,    -0.0, +1167.0,   -24.0,  +403.0
1724792880, +3.52, +29.860,    -0.1, +1155.0,   -40.0,  +415.0
1724793480, +3.52, +29.827,    -0.0, +1155.0,   -29.0,  +422.0
1724794080, +3.52, +29.763,    -0.0, +1168.0,   -24.0,  +412.0
1724794680, +3.52, +29.601,    +0.0, +1176.0,   -24.0,  +408.0
1724795280, +3.51, +29.495,    +0.0, +1185.0,    -8.0,  +400.0
1724795880, +3.51, +29.463,    -0.0, +1224.0,   +14.0,  +288.0
1724796480, +3.51, +29.447,    -0.0, +1177.0,    +0.0,  +396.0
1724797080, +3.51, +29.430,    -0.1, +1230.0,    +6.0,  +284.0
1724797680, +3.51, +29.398,    -0.1, +1216.0,    +0.0,  +344.0
1724798280, +3.52, +29.398,    +0.0, +1220.0,    +3.0,  +318.0
1724798880, +3.51, +29.365,    -0.0, +1195.0,   -16.0,  +400.0
1724799480, +3.52, +29.373,    -0.1, +1191.0,   -20.0,  +401.0
1724800080, +3.51, +29.373,    +0.0, +1188.0,   -23.0,  +406.0
1724800680, +3.51, +29.398,    -0.0, +1183.0,   -16.0,  +404.0
1724801280, +3.51, +29.430,    -0.0, +1182.0,   -13.0,  +404.0
1724801880, +3.51, +29.487,    -0.0, +1176.0,   -16.0,  +400.0
1724802480, +3.51, +29.487,    -0.0, +1183.0,   -26.0,  +408.0
1724803080, +3.51, +29.471,    +0.0, +1185.0,   -13.0,  +400.0
1724803680, +3.51, +29.463,    +0.0, +1176.0,   -24.0,  +398.0
1724804280, +3.51, +29.447,    -0.0, +1192.0,   -16.0,  +390.0
1724804880, +3.51, +29.414,    -0.0, +1198.0,   -24.0,  +392.0
1724805480, +3.51, +29.414,    -0.1, +1195.0,   -20.0,  +396.0
1724806080, +3.51, +29.438,    -0.1, +1216.0,   -13.0,  +344.0
1724806680, +3.51, +29.487,    -0.1, +1187.0,   -26.0,  +393.0
1724807280, +3.51, +29.552,    +0.0, +1142.0,   -24.0,  +414.0
1724807880, +3.52, +29.576,    -0.0, +1184.0,   -16.0,  +398.0
1724808480, +3.51, +29.576,    -0.1, +1164.0,    -8.0,  +406.0
1724809080, +3.51, +29.560,    -0.1, +1183.0,   -13.0,  +392.0
1724809680, +3.51, +29.552,    +0.0, +1240.0,   +25.0,  +213.0
1724810280, +3.51, +29.544,    +0.0, +1212.0,    -8.0,  +339.0
1724810880, +3.51, +29.528,    -0.1, +1193.0,    -8.0,  +390.0
1724811480, +3.51, +29.511,    -0.1, +1179.0,   -29.0,  +412.0
1724812080, +3.51, +29.495,    +0.0, +1187.0,   -13.0,  +400.0
1724812680, +3.51, +29.487,    -0.0, +1212.0,   -16.0,  +360.0
1724813280, +3.51, +29.471,    -0.0, +1188.0,   -26.0,  +400.0
1724813880, +3.51, +29.479,    -0.0, +1182.0,   -40.0,  +408.0
1724814480, +3.51, +29.447,    +0.0, +1193.0,   -26.0,  +400.0
1724815080, +3.51, +29.438,    +0.1, +1187.0,   -24.0,  +398.0
1724815680, +3.51, +29.390,    +0.4, +1232.0,    +0.0,  +264.0
1724816280, +3.51, +29.341,    +0.9, +1228.0,   -16.0,  +280.0
1724816880, +3.51, +29.406,    +1.5, +1231.0,   -24.0,  +274.0
1724817480, +3.51, +29.447,    +2.6, +1224.0,   -20.0,  +312.0
1724818080, +3.51, +29.463,    +2.3, +1212.0,   -12.0,  +345.0
1724818680, +3.51, +29.463,    +3.4, +1199.0,   -36.0,  +380.0
1724819280, +3.51, +29.447,    +4.7, +1230.0,   -29.0,  +296.0
1724819880, +3.51, +29.455,    +6.0, +1187.0,   -56.0,  +398.0
1724820480, +3.51, +29.511,    +7.9, +1200.0,   -40.0,  +368.0
1724821080, +3.51, +29.536,    +9.1, +1192.0,   -56.0,  +392.0
1724821680, +3.51, +29.520,   +10.7, +1206.0,   -40.0,  +368.0
1724822280, +3.51, +29.520,   +13.5, +1203.0,   -56.0,  +348.0
1724822880, +3.51, +29.568,   +14.1, +1216.0,   -45.0,  +328.0
1724823480, +3.51, +29.568,   +12.2, +1191.0,   -57.0,  +380.0
1724824080, +3.51, +29.576,   +18.0, +1187.0,   -64.0,  +374.0
1724824680, +3.51, +29.601,    +4.8, +1185.0,   -52.0,  +376.0
1724825280, +3.51, +29.609,    +5.2, +1228.0,   -48.0,  +276.0
1724825880, +3.51, +29.593,   +22.6, +1191.0,   -68.0,  +376.0
1724826480, +3.51, +29.593,   +24.1, +1187.0,   -58.0,  +380.0
1724827080, +3.51, +29.609,   +27.1, +1174.0,   -68.0,  +384.0
1724827680, +3.51, +29.609,   +29.4, +1185.0,   -64.0,  +380.0
1724828280, +3.51, +29.617,   +37.9, +1187.0,   -72.0,  +390.0
1724828880, +3.51, +29.641,   +18.6, +1187.0,   -61.0,  +384.0
1724829480, +3.51, +29.674,   +13.1, +1190.0,   -56.0,  +380.0
1724830080, +3.51, +29.674,   +37.3, +1191.0,   -58.0,  +377.0
1724830680, +3.51, +29.698,   +13.3, +1191.0,   -72.0,  +372.0
1724831280, +3.51, +29.722,   +40.5, +1238.0,   -48.0,  +232.0
1724831880, +3.51, +29.730,   +45.4, +1230.0,   -16.0,  +264.0
1724832480, +3.51, +29.730,   +43.8, +1169.0,   -52.0,  +396.0
1724833080, +3.51, +29.738,   +46.4, +1171.0,   -56.0,  +396.0
1724833680, +3.51, +29.763,   +47.0, +1171.0,   -48.0,  +400.0
1724834280, +3.51, +29.771,   +51.5, +1180.0,   -50.0,  +392.0
1724834880, +3.51, +29.787,   +15.8, +1151.0,   -48.0,  +403.0
1724835480, +3.51, +29.779,   +58.3, +1168.0,   -58.0,  +400.0
1724836080, +3.51, +29.819,   +56.1, +1177.0,   -52.0,  +387.0
1724836680, +3.51, +29.811,   +51.8, +1151.0,   -64.0,  +408.0
1724837280, +3.51, +29.819,   +53.9, +1155.0,   -56.0,  +404.0
1724837880, +3.51, +29.827,   +55.8, +1169.0,   -61.0,  +414.0
1724838480, +3.51, +29.827,   +54.1, +1240.0,   -32.0,  +216.0
1724839080, +3.51, +29.836,   +48.9, +1171.0,   -42.0,  +404.0
1724839680, +3.51, +29.844,   +50.8, +1143.0,   -48.0,  +408.0
1724840280, +3.51, +29.844,   +48.3, +1179.0,   -32.0,  +406.0
1724840880, +3.51, +29.844,   +26.1, +1164.0,   -56.0,  +422.0
1724841480, +3.51, +29.844,   +47.7, +1148.0,   -52.0,  +420.0
1724842080, +3.51, +29.860,   +40.5, +1240.0,   -32.0,  +227.0
1724842680, +3.51, +29.868,   +40.3, +1144.0,   -64.0,  +423.0
1724843280, +3.51, +29.892,   +36.7, +1161.0,   -48.0,  +419.0
1724843880, +3.51, +29.900,   +35.2, +1241.0,   -40.0,  +210.0
1724844480, +3.51, +29.916,   +36.6, +1238.0,   -28.0,  +246.0
1724845080, +3.51, +29.933,   +36.1, +1235.0,   -32.0,  +243.0
1724845680, +3.51, +29.965,   +32.3, +1240.0,   -32.0,  +240.0
1724846280, +3.51, +30.005,   +33.7, +1240.0,   -40.0,  +227.0
1724846880, +3.51, +30.021,   +30.8, +1240.0,   -44.0,  +248.0
1724847480, +3.51, +30.021,   +13.1, +1137.0,   -63.0,  +414.0
1724848080, +3.51, +30.046,   +26.4, +1240.0,   -40.0,  +232.0
1724848680, +3.51, +30.062,   +25.0, +1160.0,   -68.0,  +428.0
1724849280, +3.51, +30.070,   +22.0, +1244.0,   -40.0,  +207.0
1724849880, +3.51, +30.070,   +21.7, +1159.0,   -58.0,  +422.0
1724850480, +3.51, +30.078,   +18.7, +1235.0,   -20.0,  +252.0
1724851080, +3.51, +30.102,   +19.9, +1235.0,   -32.0,  +262.0
1724851680, +3.51, +30.134,   +14.4, +1233.0,   -26.0,  +270.0
1724852280, +3.51, +30.078,   +13.1, +1137.0,   -60.0,  +423.0
1724852880, +3.51, +30.054,   +12.0, +1235.0,    +0.0,  +248.0
1724853480, +3.51, +30.046,    +8.1, +1235.0,   -24.0,  +259.0
1724854080, +3.51, +30.054,    +8.6, +1240.0,   -26.0,  +240.0
1724854680, +3.51, +30.070,    +7.6, +1233.0,    +0.0,  +272.0
1724855280, +3.51, +30.094,    +6.5, +1239.0,   -28.0,  +252.0
1724855880, +3.51, +30.086,    +5.7, +1233.0,   -12.0,  +270.0
1724856480, +3.51, +30.102,    +5.0, +1238.0,   -20.0,  +262.0
1724857080, +3.51, +30.086,    +3.9, +1235.0,   -16.0,  +268.0
1724857680, +3.51, +30.086,    +3.1, +1238.0,   -16.0,  +256.0
1724858280, +3.51, +30.078,    +1.7, +1235.0,   -16.0,  +280.0
1724858880, +3.51, +30.070,    +1.1, +1236.0,    +3.0,  +241.0
1724859480, +3.51, +30.062,    +0.9, +1238.0,   -13.0,  +259.0
1724860080, +3.51, +30.046,    +0.7, +1236.0,   -29.0,  +248.0
1724860680, +3.51, +30.054,    +0.7, +1240.0,   -16.0,  +248.0
1724861280, +3.51, +30.054,    +0.4, +1239.0,   -20.0,  +258.0
1724861880, +3.52, +30.046,    +0.1, +1233.0,    +0.0,  +272.0
1724862480, +3.51, +30.046,    -0.0, +1232.0,    +8.0,  +272.0
1724863080, +3.51, +30.030,    -0.0, +1235.0,   -14.0,  +268.0
1724863680, +3.51, +30.021,    -0.1, +1233.0,    +4.0,  +275.0
1724864280, +3.51, +30.013,    -0.0, +1232.0,    +0.0,  +284.0
1724864880, +3.51, +30.013,    -0.0, +1136.0,   -52.0,  +432.0
1724865480, +3.51, +30.005,    +0.0, +1235.0,    +3.0,  +272.0
1724866080, +3.51, +29.997,    -0.0, +1235.0,    +8.0,  +246.0
1724866680, +3.51, +29.997,    -0.1, +1233.0,    +6.0,  +272.0
1724867280, +3.51, +30.030,    -0.1, +1231.0,   -12.0,  +288.0
1724867880, +3.51, +30.005,    -0.0, +1232.0,    +0.0,  +270.0
1724868480, +3.51, +29.997,    -0.1, +1235.0,    +0.0,  +272.0
1724869080, +3.51, +29.981,    -0.0, +1236.0,   -16.0,  +252.0
1724869680, +3.51, +29.973,    -0.0, +1232.0,    +0.0,  +280.0
1724870280, +3.51, +29.981,    -0.0, +1239.0,    -8.0,  +231.0
