7530-479402
OS REV: 1.08 Sensor Cal: 1706256000 Averages: 30
Time (sec),  Bat (Volts),   T (deg C),  PAR (umol/(s m^2))  Ax (mg), Ay (mg), Az (mg)
1726523880, +3.51, +29.471,    -0.0, +1207.0,  -128.0,  +494.0
1726524480, +3.51, +29.463,    -0.1, +1190.0,   +24.0,  +502.0
1726525080, +3.51, +29.471,    -0.0, +1204.0,   -36.0,  +496.0
1726525680, +3.51, +29.471,    -0.2, +1184.0,  -108.0,  +528.0
1726526280, +3.51, +29.471,    +0.0, +1172.0,  -200.0,  +566.0
1726526880, +3.51, +29.471,    -0.1, +1184.0,  -148.0,  +544.0
1726527480, +3.51, +29.463,    -0.1, +1219.0,   +14.0,  +390.0
1726528080, +3.51, +29.455,    -0.0, +1208.0,   -50.0,  +487.0
1726528680, +3.51, +29.463,    -0.0, +1208.0,   -15.0,  +462.0
1726529280, +3.51, +29.463,    +0.0, +1212.0,   +88.0,  +390.0
1726529880, +3.51, +29.463,    -0.1, +1180.0,   -56.0,  +519.0
1726530480, +3.51, +29.463,    +0.1, +1203.0,    +3.0,  +448.0
1726531080, +3.51, +29.447,    +0.0, +1208.0,   -40.0,  +488.0
1726531680, +3.51, +29.455,    -0.1, +1220.0,   -64.0,  +424.0
1726532280, +3.51, +29.455,    -0.1, +1185.0,   -76.0,  +543.0
1726532880, +3.51, +29.455,    -0.1, +1214.0,   -24.0,  +451.0
1726533480, +3.51, +29.455,    -0.0, +1196.0,   -36.0,  +502.0
1726534080, +3.51, +29.455,    +0.0, +1217.0,   -64.0,  +448.0
1726534680, +3.51, +29.455,    -0.0, +1200.0,   +32.0,  +472.0
1726535280, +3.51, +29.455,    -0.0, +1196.0,  -138.0,  +489.0
1726535880, +3.51, +29.455,    -0.0, +1224.0,   -48.0,  +368.0
1726536480, +3.51, +29.455,    -0.1, +1212.0,    +6.0,  +462.0
1726537080, +3.51, +29.463,    -0.0, +1223.0,    +6.0,  +348.0
1726537680, +3.51, +29.463,    -0.1, +1230.0,   -16.0,  +332.0
1726538280, +3.51, +29.463,    +0.0, +1208.0,   -40.0,  +476.0
1726538880, +3.51, +29.455,    -0.1, +1184.0,   -60.0,  +510.0
1726539480, +3.51, +29.455,    -0.1, +1187.0,  -100.0,  +550.0
1726540080, +3.51, +29.463,    -0.1, +1196.0,   -40.0,  +460.0
1726540680, +3.51, +29.463,    -0.0, +1212.0,   -28.0,  +444.0
1726541280, +3.51, +29.463,    -0.1, +1187.0,   -77.0,  +556.0
1726541880, +3.51, +29.455,    +0.0, +1193.0,   -52.0,  +460.0
1726542480, +3.51, +29.447,    -0.0, +1198.0,   -28.0,  +531.0
1726543080, +3.51, +29.447,    -0.0, +1219.0,  -100.0,  +454.0
1726543680, +3.51, +29.447,    -0.0, +1216.0,    +0.0,  +432.0
1726544280, +3.51, +29.455,    +0.1, +1216.0,   -13.0,  +432.0
1726544880, +3.51, +29.455,    +0.3, +1183.0,   -36.0,  +544.0
1726545480, +3.51, +29.455,    +0.2, +1227.0,  -100.0,  +394.0
1726546080, +3.51, +29.438,    +0.2, +1212.0,   -52.0,  +448.0
1726546680, +3.51, +29.438,    +0.0, +1206.0,   -88.0,  +483.0
1726547280, +3.51, +29.430,    +0.3, +1225.0,   -64.0,  +416.0
1726547880, +3.51, +29.430,    +0.7, +1228.0,   -32.0,  +356.0
1726548480, +3.51, +29.422,    +1.1, +1228.0,   -48.0,  +396.0
1726549080, +3.51, +29.422,    +1.1, +1224.0,  -116.0,  +400.0
1726549680, +3.51, +29.414,    +1.4, +1219.0,  -116.0,  +444.0
1726550280, +3.51, +29.430,    +2.4, +1217.0,  -128.0,  +455.0
1726550880, +3.51, +29.422,    +2.8, +1225.0,   -36.0,  +384.0
1726551480, +3.51, +29.406,    +3.7, +1228.0,   -32.0,  +372.0
1726552080, +3.51, +29.422,    +5.9, +1224.0,   -42.0,  +390.0
1726552680, +3.51, +29.422,    +8.0, +1222.0,   -74.0,  +444.0
1726553280, +3.51, +29.414,    +8.9, +1220.0,   -77.0,  +400.0
1726553880, +3.51, +29.422,    +8.7, +1224.0,    -8.0,  +360.0
1726554480, +3.51, +29.414,    +5.3, +1223.0,   -72.0,  +400.0
1726555080, +3.51, +29.414,   +13.1, +1220.0,   -24.0,  +414.0
1726555680, +3.51, +29.414,   +15.6, +1225.0,  -128.0,  +392.0
1726556280, +3.51, +29.406,    +3.6, +1232.0,   -44.0,  +321.0
1726556880, +3.51, +29.414,   +15.2, +1228.0,  -106.0,  +344.0
1726557480, +3.51, +29.430,    +5.5, +1230.0,    +0.0,  +358.0
1726558080, +3.51, +29.430,   +16.3, +1228.0,  -124.0,  +364.0
1726558680, +3.51, +29.430,   +17.9, +1228.0,   -16.0,  +352.0
1726559280, +3.51, +29.430,   +16.8, +1232.0,  -128.0,  +326.0
1726559880, +3.51, +29.422,   +18.5, +1231.0,    +4.0,  +336.0
1726560480, +3.51, +29.430,   +20.1, +1225.0,   -40.0,  +372.0
1726561080, +3.51, +29.438,    +9.4, +1216.0,   -26.0,  +400.0
1726561680, +3.51, +29.447,    +8.5, +1222.0,   -63.0,  +392.0
1726562280, +3.51, +29.447,   +16.8, +1227.0,  -168.0,  +360.0
1726562880, +3.51, +29.438,   +18.3, +1231.0,   -93.0,  +324.0
1726563480, +3.51, +29.447,   +17.2, +1208.0,   -58.0,  +472.0
1726564080, +3.51, +29.447,   +19.3, +1224.0,   -40.0,  +344.0
1726564680, +3.51, +29.447,   +23.7, +1228.0,  -104.0,  +356.0
1726565280, +3.51, +29.455,   +20.5, +1216.0,  -153.0,  +480.0
1726565880, +3.51, +29.455,   +21.0, +1225.0,    +0.0,  +328.0
1726566480, +3.51, +29.455,   +20.0, +1216.0,   -32.0,  +380.0
1726567080, +3.51, +29.455,   +19.5, +1228.0,   -40.0,  +360.0
1726567680, +3.51, +29.447,   +20.5, +1217.0,   -84.0,  +440.0
1726568280, +3.51, +29.455,   +19.6, +1214.0,   -64.0,  +408.0
1726568880, +3.51, +29.455,   +21.8, +1228.0,   -48.0,  +372.0
1726569480, +3.51, +29.455,   +18.1, +1222.0,   -60.0,  +432.0
1726570080, +3.51, +29.447,   +18.3, +1228.0,    +8.0,  +355.0
1726570680, +3.51, +29.455,   +15.8, +1232.0,    -8.0,  +308.0
1726571280, +3.51, +29.447,   +19.1, +1212.0,   -74.0,  +419.0
1726571880, +3.51, +29.447,   +18.2, +1235.0,   -98.0,  +334.0
1726572480, +3.51, +29.447,   +14.8, +1204.0,   -72.0,  +435.0
1726573080, +3.51, +29.463,   +16.8, +1203.0,  -128.0,  +488.0
1726573680, +3.51, +29.455,    +7.3, +1216.0,   -47.0,  +412.0
1726574280, +3.51, +29.463,   +15.2, +1216.0,   -96.0,  +435.0
1726574880, +3.51, +29.463,   +12.9, +1217.0,   -48.0,  +368.0
1726575480, +3.51, +29.463,   +11.6, +1185.0,   -28.0,  +472.0
1726576080, +3.51, +29.455,   +12.7, +1216.0,   -32.0,  +392.0
1726576680, +3.51, +29.455,   +11.3, +1193.0,   -74.0,  +440.0
1726577280, +3.51, +29.447,   +10.0, +1192.0,  -112.0,  +460.0
1726577880, +3.51, +29.447,    +9.4, +1222.0,    -8.0,  +390.0
1726578480, +3.51, +29.455,    +8.0, +1212.0,   -36.0,  +448.0
1726579080, +3.51, +29.455,    +8.7, +1212.0,  -109.0,  +416.0
1726579680, +3.51, +29.455,    +8.2, +1230.0,   -96.0,  +339.0
1726580280, +3.51, +29.455,    +8.0, +1216.0,   -58.0,  +419.0
1726580880, +3.51, +29.455,    +6.8, +1223.0,  -148.0,  +392.0
1726581480, +3.51, +29.455,    +6.3, +1230.0,  -108.0,  +371.0
1726582080, +3.51, +29.455,    +6.3, +1228.0,   +12.0,  +342.0
1726582680, +3.51, +29.455,    +4.7, +1223.0,   +15.0,  +372.0
1726583280, +3.51, +29.463,    +3.9, +1219.0,   -88.0,  +422.0
1726583880, +3.51, +29.463,    +3.8, +1216.0,   -48.0,  +376.0
1726584480, +3.51, +29.463,    +3.2, +1222.0,  -144.0,  +416.0
1726585080, +3.51, +29.471,    +2.3, +1212.0,   -16.0,  +440.0
1726585680, +3.51, +29.471,    +1.6, +1228.0,   -32.0,  +339.0
1726586280, +3.51, +29.471,    +1.6, +1216.0,   -90.0,  +432.0
1726586880, +3.51, +29.487,    +1.0, +1228.0,  -124.0,  +366.0
1726587480, +3.51, +29.487,    +0.6, +1227.0,    +0.0,  +352.0
1726588080, +3.51, +29.479,    +0.3, +1219.0,   +20.0,  +400.0
1726588680, +3.51, +29.487,    +0.1, +1196.0,  -144.0,  +464.0
1726589280, +3.51, +29.495,    -0.2, +1185.0,    +7.0,  +440.0
1726589880, +3.51, +29.503,    -0.1, +1191.0,    -8.0,  +472.0
1726590480, +3.51, +29.487,    -0.1, +1196.0,   +44.0,  +444.0
1726591080, +3.51, +29.495,    -0.0, +1223.0,   -52.0,  +342.0
1726591680, +3.51, +29.503,    +0.1, +1187.0,   +16.0,  +460.0
1726592280, +3.51, +29.503,    -0.0, +1180.0,  -124.0,  +531.0
1726592880, +3.51, +29.503,    -0.0, +1171.0,   +24.0,  +499.0
1726593480, +3.51, +29.487,    -0.0, +1184.0,   -52.0,  +448.0
1726594080, +3.51, +29.495,    -0.1, +1204.0,   -20.0,  +436.0
1726594680, +3.51, +29.479,    -0.1, +1184.0,  -176.0,  +524.0
1726595280, +3.51, +29.495,    -0.1, +1195.0,   -36.0,  +476.0
1726595880, +3.51, +29.487,    +0.0, +1200.0,   -32.0,  +472.0
1726596480, +3.51, +29.487,    -0.0, +1184.0,   -88.0,  +476.0
1726597080, +3.51, +29.479,    -0.1, +1190.0,   -88.0,  +488.0
1726597680, +3.51, +29.471,    -0.1, +1184.0,   -58.0,  +476.0
1726598280, +3.51, +29.471,    -0.0, +1191.0,   -96.0,  +460.0
1726598880, +3.51, +29.479,    -0.0, +1193.0,   -45.0,  +452.0
1726599480, +3.51, +29.471,    -0.1, +1183.0,  -100.0,  +452.0
1726600080, +3.51, +29.463,    -0.1, +1182.0,   -32.0,  +460.0
1726600680, +3.51, +29.463,    +0.0, +1184.0,   -32.0,  +448.0
1726601280, +3.51, +29.471,    -0.0, +1190.0,   +60.0,  +444.0
1726601880, +3.51, +29.463,    -0.0, +1180.0,   +32.0,  +474.0
1726602480, +3.51, +29.463,    +0.0, +1196.0,   -56.0,  +456.0
1726603080, +3.51, +29.463,    -0.0, +1198.0,   -48.0,  +526.0
1726603680, +3.51, +29.463,    +0.0, +1182.0,    +9.0,  +496.0
1726604280, +3.51, +29.447,    -0.0, +1182.0,   -13.0,  +463.0
1726604880, +3.51, +29.455,    +0.0, +1208.0,   +40.0,  +424.0
1726605480, +3.51, +29.455,    -0.0, +1191.0,   -64.0,  +468.0
1726606080, +3.51, +29.455,    -0.1, +1200.0,  -156.0,  +476.0
1726606680, +3.51, +29.455,    -0.1, +1176.0,   +32.0,  +464.0
1726607280, +3.51, +29.455,    -0.0, +1180.0,   +88.0,  +487.0
1726607880, +3.51, +29.463,    -0.1, +1191.0,   -13.0,  +464.0
1726608480, +3.51, +29.463,    -0.0, +1183.0,   -72.0,  +529.0
1726609080, +3.51, +29.463,    -0.2, +1187.0,   -29.0,  +440.0
1726609680, +3.51, +29.455,    -0.0, +1171.0,   +16.0,  +502.0
1726610280, +3.51, +29.463,    +0.0, +1220.0,   +24.0,  +352.0
