7530-479402
OS REV: 1.08 Sensor Cal: 1706256000 Averages: 30
Time (sec),  Bat (Volts),   T (deg C),  PAR (umol/(s m^2))  Ax (mg), Ay (mg), Az (mg)
1727828880, +3.50, +28.419,    -0.0, +1223.0,   -18.0,  +424.0
1727829480, +3.50, +28.411,    -0.0, +1227.0,   -32.0,  +392.0
1727830080, +3.50, +28.411,    +0.0, +1212.0,  -120.0,  +496.0
1727830680, +3.50, +28.427,    +0.0, +1208.0,   -48.0,  +484.0
1727831280, +3.50, +28.427,    -0.1, +1217.0,   -58.0,  +432.0
1727831880, +3.50, +28.419,    -0.1, +1224.0,   -88.0,  +444.0
1727832480, +3.50, +28.427,    +0.0, +1222.0,   -93.0,  +394.0
1727833080, +3.50, +28.419,    -0.0, +1200.0,    +3.0,  +452.0
1727833680, +3.50, +28.427,    -0.0, +1225.0,   -20.0,  +414.0
1727834280, +3.50, +28.435,    -0.0, +1212.0,   +24.0,  +464.0
1727834880, +3.50, +28.435,    -0.1, +1223.0,   -13.0,  +388.0
1727835480, +3.50, +28.443,    -0.1, +1196.0,   -20.0,  +489.0
1727836080, +3.50, +28.435,    -0.0, +1206.0,   -72.0,  +472.0
1727836680, +3.50, +28.435,    -0.1, +1214.0,   -74.0,  +476.0
1727837280, +3.50, +28.427,    -0.1, +1191.0,   -24.0,  +483.0
1727837880, +3.50, +28.419,    +0.0, +1225.0,   -64.0,  +400.0
1727838480, +3.50, +28.427,    -0.1, +1206.0,   -93.0,  +487.0
1727839080, +3.50, +28.427,    +0.1, +1228.0,   -20.0,  +352.0
1727839680, +3.50, +28.435,    -0.0, +1225.0,   -64.0,  +390.0
1727840280, +3.50, +28.427,    +0.0, +1232.0,   -80.0,  +364.0
1727840880, +3.50, +28.427,    -0.0, +1204.0,  -128.0,  +499.0
1727841480, +3.50, +28.427,    +0.1, +1212.0,   -72.0,  +476.0
1727842080, +3.50, +28.427,    +0.1, +1220.0,  -128.0,  +390.0
1727842680, +3.50, +28.427,    +0.2, +1220.0,   -72.0,  +444.0
1727843280, +3.50, +28.419,    +0.4, +1230.0,   -64.0,  +376.0
1727843880, +3.50, +28.419,    +0.3, +1222.0,  -128.0,  +456.0
1727844480, +3.50, +28.419,    +0.7, +1232.0,   -12.0,  +348.0
1727845080, +3.50, +28.411,    +0.9, +1228.0,   -80.0,  +400.0
1727845680, +3.50, +28.394,    +1.0, +1228.0,    +6.0,  +348.0
1727846280, +3.50, +28.394,    +0.8, +1222.0,   -88.0,  +432.0
1727846880, +3.50, +28.386,    +0.6, +1219.0,   -42.0,  +444.0
1727847480, +3.50, +28.378,    +1.4, +1214.0,   -80.0,  +480.0
1727848080, +3.50, +28.378,    +0.5, +1224.0,   -50.0,  +419.0
1727848680, +3.50, +28.370,    +1.7, +1228.0,    +8.0,  +384.0
1727849280, +3.50, +28.361,    +1.9, +1227.0,   -29.0,  +392.0
1727849880, +3.50, +28.361,    +1.5, +1225.0,   -64.0,  +414.0
1727850480, +3.50, +28.361,    +0.7, +1224.0,   -44.0,  +432.0
1727851080, +3.50, +28.345,    +1.8, +1223.0,   -72.0,  +460.0
1727851680, +3.50, +28.361,    +2.0, +1231.0,   -64.0,  +370.0
1727852280, +3.50, +28.345,    +2.0, +1228.0,   +40.0,  +336.0
1727852880, +3.50, +28.345,    +1.9, +1228.0,   -63.0,  +416.0
1727853480, +3.50, +28.345,    +2.6, +1232.0,    +0.0,  +336.0
1727854080, +3.50, +28.353,    +2.9, +1228.0,   -26.0,  +384.0
1727854680, +3.50, +28.361,    +2.7, +1212.0,   -60.0,  +492.0
1727855280, +3.50, +28.361,    +2.6, +1216.0,   -72.0,  +483.0
1727855880, +3.50, +28.378,    +2.9, +1225.0,   -56.0,  +403.0
1727856480, +3.50, +28.386,    +3.7, +1216.0,   -74.0,  +467.0
1727857080, +3.50, +28.402,    +2.1, +1223.0,   -52.0,  +422.0
1727857680, +3.50, +28.411,    +4.7, +1219.0,   -60.0,  +470.0
1727858280, +3.50, +28.411,    +1.5, +1216.0,    +0.0,  +465.0
1727858880, +3.50, +28.411,    +0.8, +1219.0,   -48.0,  +440.0
1727859480, +3.50, +28.394,    +2.6, +1216.0,   -32.0,  +472.0
1727860080, +3.50, +28.411,    +1.3, +1212.0,   -68.0,  +472.0
1727860680, +3.50, +28.402,    +2.1, +1228.0,   +49.0,  +326.0
1727861280, +3.50, +28.394,    +2.0, +1222.0,   +28.0,  +419.0
1727861880, +3.50, +28.419,    +2.0, +1196.0,  -186.0,  +592.0
1727862480, +3.50, +28.435,    +0.6, +1219.0,   -10.0,  +448.0
1727863080, +3.50, +28.427,    +1.5, +1217.0,   +48.0,  +396.0
1727863680, +3.50, +28.411,    +1.3, +1228.0,   -52.0,  +404.0
1727864280, +3.50, +28.394,    +1.3, +1208.0,  -114.0,  +520.0
1727864880, +3.50, +28.370,    +1.2, +1223.0,   -13.0,  +440.0
1727865480, +3.50, +28.353,    +1.6, +1224.0,   +24.0,  +412.0
1727866080, +3.50, +28.353,    +1.4, +1236.0,   -64.0,  +332.0
1727866680, +3.50, +28.361,    +1.6, +1104.0,  -208.0,  +688.0
1727867280, +3.50, +28.370,    +1.8, +1225.0,   +30.0,  +396.0
1727867880, +3.50, +28.394,    +1.8, +1211.0,   -74.0,  +504.0
1727868480, +3.50, +28.386,    +1.7, +1220.0,  -114.0,  +451.0
1727869080, +3.50, +28.394,    +1.8, +1219.0,   -48.0,  +456.0
1727869680, +3.50, +28.370,    +2.2, +1224.0,   -15.0,  +408.0
1727870280, +3.50, +28.361,    +0.8, +1224.0,   -16.0,  +419.0
1727870880, +3.50, +28.320,    +1.0, +1223.0,   -13.0,  +440.0
1727871480, +3.50, +28.304,    +2.0, +1224.0,   -52.0,  +428.0
1727872080, +3.50, +28.279,    +0.9, +1224.0,   -56.0,  +416.0
1727872680, +3.50, +28.238,    +0.6, +1217.0,   +24.0,  +432.0
1727873280, +3.50, +28.238,    +1.2, +1224.0,  -100.0,  +432.0
1727873880, +3.50, +28.214,    +1.1, +1223.0,   -64.0,  +432.0
1727874480, +3.50, +28.214,    +0.9, +1216.0,  -144.0,  +472.0
1727875080, +3.50, +28.206,    +1.4, +1228.0,   -48.0,  +412.0
1727875680, +3.50, +28.230,    +1.4, +1232.0,   -64.0,  +385.0
1727876280, +3.50, +28.230,    +1.1, +1216.0,   -96.0,  +480.0
1727876880, +3.50, +28.222,    +1.2, +1235.0,   -42.0,  +352.0
1727877480, +3.50, +28.247,    +0.6, +1235.0,   -79.0,  +328.0
1727878080, +3.50, +28.279,    +0.9, +1224.0,   -76.0,  +428.0
1727878680, +3.50, +28.288,    +0.8, +1219.0,  -136.0,  +463.0
1727879280, +3.50, +28.263,    +0.7, +1220.0,  -148.0,  +460.0
1727879880, +3.50, +28.263,    +0.2, +1212.0,   -32.0,  +496.0
1727880480, +3.50, +28.255,    +0.1, +1196.0,    +0.0,  +569.0
1727881080, +3.50, +28.238,    +0.2, +1208.0,   -16.0,  +508.0
1727881680, +3.50, +28.173,    +0.2, +1208.0,   -76.0,  +504.0
1727882280, +3.50, +28.107,    +0.1, +1184.0,  -116.0,  +569.0
1727882880, +3.50, +28.074,    +0.1, +1200.0,  -124.0,  +532.0
1727883480, +3.50, +28.058,    +0.0, +1200.0,   -48.0,  +552.0
1727884080, +3.50, +28.058,    +0.1, +1212.0,  -104.0,  +470.0
1727884680, +3.50, +28.042,    -0.0, +1195.0,    +2.0,  +550.0
1727885280, +3.50, +28.042,    +0.0, +1191.0,   -25.0,  +556.0
1727885880, +3.50, +28.042,    -0.0, +1192.0,    -8.0,  +552.0
1727886480, +3.50, +28.050,    -0.0, +1219.0,  -100.0,  +456.0
1727887080, +3.50, +28.050,    +0.1, +1200.0,   -80.0,  +560.0
1727887680, +3.50, +28.042,    +0.0, +1225.0,  -122.0,  +408.0
1727888280, +3.50, +28.042,    -0.1, +1176.0,   -68.0,  +633.0
1727888880, +3.50, +28.066,    -0.0, +1216.0,    +0.0,  +478.0
1727889480, +3.50, +28.058,    -0.1, +1228.0,   -64.0,  +403.0
1727890080, +3.50, +28.074,    -0.1, +1222.0,  -128.0,  +451.0
1727890680, +3.50, +28.083,    -0.0, +1198.0,  -192.0,  +544.0
1727891280, +3.50, +28.074,    -0.1, +1222.0,   -84.0,  +433.0
1727891880, +3.50, +28.083,    +0.0, +1225.0,   -49.0,  +428.0
1727892480, +3.50, +28.083,    -0.0, +1216.0,   -52.0,  +480.0
1727893080, +3.50, +28.099,    +0.1, +1212.0,   -32.0,  +484.0
1727893680, +3.50, +28.115,    -0.1, +1208.0,   -96.0,  +536.0
1727894280, +3.50, +28.140,    -0.0, +1208.0,  -116.0,  +528.0
1727894880, +3.50, +28.197,    +0.1, +1228.0,   -64.0,  +412.0
1727895480, +3.50, +28.238,    +0.1, +1201.0,   +48.0,  +528.0
1727896080, +3.50, +28.255,    -0.0, +1203.0,   -89.0,  +560.0
1727896680, +3.50, +28.279,    -0.0, +1219.0,   -64.0,  +448.0
1727897280, +3.50, +28.296,    -0.0, +1228.0,   -57.0,  +396.0
1727897880, +3.50, +28.296,    -0.1, +1222.0,   +12.0,  +432.0
1727898480, +3.50, +28.288,    -0.1, +1219.0,   -16.0,  +432.0
1727899080, +3.50, +28.288,    -0.0, +1203.0,   -90.0,  +552.0
1727899680, +3.50, +28.288,    +0.0, +1219.0,    +8.0,  +430.0
1727900280, +3.50, +28.288,    -0.1, +1223.0,  -104.0,  +440.0
1727900880, +3.50, +28.296,    +0.1, +1223.0,   -64.0,  +419.0
1727901480, +3.50, +28.304,    +0.0, +1225.0,    +0.0,  +396.0
1727902080, +3.50, +28.304,    +0.1, +1232.0,   -60.0,  +390.0
1727902680, +3.50, +28.312,    -0.1, +1223.0,    +0.0,  +416.0
1727903280, +3.50, +28.320,    -0.0, +1219.0,   -20.0,  +464.0
1727903880, +3.50, +28.320,    -0.0, +1222.0,   -36.0,  +444.0
1727904480, +3.50, +28.320,    +0.0, +1222.0,   -74.0,  +454.0
1727905080, +3.50, +28.329,    -0.1, +1222.0,    +0.0,  +420.0
1727905680, +3.50, +28.337,    -0.1, +1216.0,   -16.0,  +432.0
1727906280, +3.50, +28.337,    +0.1, +1203.0,   -96.0,  +551.0
1727906880, +3.50, +28.353,    -0.1, +1227.0,   -72.0,  +422.0
1727907480, +3.50, +28.353,    -0.1, +1219.0,   -60.0,  +467.0
1727908080, +3.50, +28.353,    -0.0, +1212.0,   +72.0,  +435.0
1727908680, +3.50, +28.320,    +0.0, +1216.0,   -40.0,  +472.0
1727909280, +3.50, +28.337,    -0.0, +1228.0,   -80.0,  +408.0
1727909880, +3.50, +28.337,    +0.1, +1232.0,    +6.0,  +348.0
1727910480, +3.50, +28.337,    -0.0, +1187.0,  -160.0,  +611.0
1727911080, +3.50, +28.320,    -0.0, +1224.0,   -20.0,  +388.0
1727911680, +3.50, +28.337,    +0.0, +1217.0,   -72.0,  +484.0
1727912280, +3.50, +28.337,    -0.0, +1203.0,    +0.0,  +492.0
1727912880, +3.50, +28.320,    +0.1, +1223.0,   -32.0,  +432.0
1727913480, +3.50, +28.329,    +0.0, +1223.0,   -64.0,  +419.0
1727914080, +3.50, +28.329,    -0.0, +1219.0,   -52.0,  +422.0
1727914680, +3.50, +28.329,    -0.1, +1223.0,   -78.0,  +438.0
1727915280, +3.50, +28.337,    -0.0, +1216.0,    +0.0,  +430.0
