7530-479402
OS REV: 1.08 Sensor Cal: 1706256000 Averages: 30
Time (sec),  Bat (Volts),   T (deg C),  PAR (umol/(s m^2))  Ax (mg), Ay (mg), Az (mg)
1721390880, +3.52, +29.455,  +158.9, +1233.0,   -36.0,  +262.0
1721391480, +3.52, +29.463,  +162.2, +1235.0,   -26.0,  +264.0
1721392080, +3.52, +29.479,   +51.6, +1233.0,   -32.0,  +264.0
1721392680, +3.52, +29.495,   +74.7, +1235.0,   -20.0,  +284.0
1721393280, +3.52, +29.511,  +132.2, +1235.0,   -28.0,  +270.0
1721393880, +3.52, +29.511,  +132.8, +1235.0,   -24.0,  +284.0
1721394480, +3.52, +29.536,  +116.1, +1232.0,   -16.0,  +284.0
1721395080, +3.52, +29.560,  +113.9, +1235.0,   -36.0,  +268.0
1721395680, +3.52, +29.593,  +100.9, +1233.0,   -40.0,  +272.0
1721396280, +3.52, +29.633,   +49.9, +1233.0,   -26.0,  +280.0
1721396880, +3.52, +29.666,   +40.2, +1231.0,   -36.0,  +280.0
1721397480, +3.52, +29.690,   +78.9, +1231.0,   -32.0,  +300.0
1721398080, +3.52, +29.803,   +49.2, +1235.0,   -46.0,  +270.0
1721398680, +3.52, +29.803,   +81.3, +1228.0,   -32.0,  +312.0
1721399280, +3.52, +29.933,   +62.0, +1231.0,   -32.0,  +288.0
1721399880, +3.52, +29.965,   +60.4, +1228.0,   -28.0,  +316.0
1721400480, +3.52, +29.900,   +47.7, +1225.0,    -8.0,  +312.0
1721401080, +3.52, +29.755,   +41.7, +1231.0,   -15.0,  +280.0
1721401680, +3.52, +29.730,   +22.7, +1228.0,   -16.0,  +312.0
1721402280, +3.52, +29.714,   +32.7, +1231.0,   -24.0,  +300.0
1721402880, +3.52, +29.747,   +18.7, +1228.0,   -13.0,  +312.0
1721403480, +3.52, +29.755,   +22.8, +1231.0,   -16.0,  +300.0
1721404080, +3.52, +29.763,   +19.4, +1232.0,    +0.0,  +292.0
1721404680, +3.52, +29.763,   +14.7, +1232.0,   -16.0,  +284.0
1721405280, +3.52, +29.755,   +10.1, +1231.0,   -16.0,  +304.0
1721405880, +3.52, +29.763,    +7.3, +1232.0,   -16.0,  +278.0
1721406480, +3.52, +29.779,    +5.2, +1228.0,   -14.0,  +296.0
1721407080, +3.52, +29.779,    +3.3, +1231.0,   -20.0,  +288.0
1721407680, +3.52, +29.779,    +1.6, +1233.0,   -16.0,  +272.0
1721408280, +3.52, +29.779,    +0.3, +1232.0,   -31.0,  +290.0
1721408880, +3.52, +29.779,    +0.1, +1231.0,   -29.0,  +294.0
1721409480, +3.52, +29.819,    +0.0, +1187.0,   -16.0,  +440.0
1721410080, +3.52, +29.819,    -0.1, +1180.0,   -50.0,  +444.0
1721410680, +3.52, +29.868,    -0.1, +1184.0,   -48.0,  +435.0
1721411280, +3.52, +29.916,    -0.1, +1192.0,   -68.0,  +419.0
1721411880, +3.52, +29.916,    +0.0, +1182.0,   -56.0,  +441.0
1721412480, +3.52, +29.933,    -0.0, +1177.0,   -39.0,  +449.0
1721413080, +3.52, +29.957,    -0.0, +1176.0,   -44.0,  +444.0
1721413680, +3.52, +29.989,    +0.1, +1176.0,   -48.0,  +448.0
1721414280, +3.52, +29.997,    -0.1, +1176.0,   -40.0,  +454.0
1721414880, +3.52, +30.013,    -0.1, +1169.0,   -45.0,  +440.0
1721415480, +3.52, +30.013,    -0.0, +1182.0,   -36.0,  +435.0
1721416080, +3.52, +30.038,    -0.1, +1132.0,   -16.0,  +464.0
1721416680, +3.52, +30.038,    -0.0, +1164.0,   -15.0,  +448.0
1721417280, +3.52, +30.005,    -0.0, +1167.0,   -32.0,  +444.0
1721417880, +3.52, +29.941,    -0.1, +1230.0,    +0.0,  +284.0
1721418480, +3.52, +29.900,    -0.1, +1171.0,   -47.0,  +432.0
1721419080, +3.52, +29.884,    -0.1, +1180.0,   -40.0,  +424.0
1721419680, +3.52, +29.852,    -0.0, +1182.0,   -31.0,  +416.0
1721420280, +3.52, +29.763,    -0.1, +1183.0,   -32.0,  +412.0
1721420880, +3.52, +29.398,    +0.0, +1232.0,    +8.0,  +256.0
1721421480, +3.52, +29.032,    -0.0, +1233.0,   -32.0,  +258.0
1721422080, +3.52, +28.664,    +0.0, +1238.0,   -24.0,  +242.0
1721422680, +3.52, +28.427,    +0.0, +1235.0,   -13.0,  +240.0
1721423280, +3.52, +28.271,    +0.0, +1240.0,    -8.0,  +236.0
1721423880, +3.52, +28.189,    -0.0, +1236.0,   -32.0,  +240.0
1721424480, +3.52, +28.140,    -0.1, +1238.0,   -12.0,  +248.0
1721425080, +3.52, +28.099,    +0.0, +1240.0,   -28.0,  +232.0
1721425680, +3.52, +28.083,    +0.1, +1238.0,   -14.0,  +236.0
1721426280, +3.52, +28.066,    -0.0, +1236.0,   -20.0,  +240.0
1721426880, +3.52, +28.050,    +0.0, +1239.0,    +0.0,  +232.0
1721427480, +3.52, +28.058,    +0.0, +1240.0,   -32.0,  +232.0
1721428080, +3.52, +28.074,    -0.0, +1240.0,   -20.0,  +240.0
1721428680, +3.52, +28.083,    +0.0, +1240.0,    -8.0,  +232.0
1721429280, +3.52, +28.107,    -0.0, +1238.0,   -16.0,  +238.0
1721429880, +3.52, +28.107,    -0.0, +1238.0,    -8.0,  +236.0
1721430480, +3.52, +28.124,    +0.0, +1239.0,   -36.0,  +228.0
1721431080, +3.52, +28.132,    -0.0, +1238.0,   -16.0,  +240.0
1721431680, +3.52, +28.156,    -0.1, +1236.0,   -28.0,  +256.0
1721432280, +3.52, +28.173,    -0.0, +1240.0,   -32.0,  +225.0
1721432880, +3.52, +28.197,    -0.1, +1240.0,   -36.0,  +236.0
1721433480, +3.52, +28.206,    -0.1, +1238.0,   -24.0,  +240.0
1721434080, +3.52, +28.238,    -0.0, +1238.0,   -40.0,  +248.0
1721434680, +3.52, +28.271,    -0.1, +1236.0,   -25.0,  +248.0
1721435280, +3.52, +28.279,    +0.1, +1240.0,   -44.0,  +240.0
1721435880, +3.52, +28.296,    +0.0, +1239.0,   -58.0,  +240.0
1721436480, +3.52, +28.304,    -0.1, +1239.0,   -48.0,  +248.0
1721437080, +3.52, +28.320,    -0.0, +1238.0,   -26.0,  +232.0
1721437680, +3.52, +28.329,    -0.1, +1238.0,   -20.0,  +240.0
1721438280, +3.52, +28.329,    -0.1, +1240.0,   -32.0,  +240.0
1721438880, +3.52, +28.337,    +0.1, +1236.0,   -32.0,  +240.0
1721439480, +3.52, +28.345,    +0.0, +1240.0,   -31.0,  +236.0
1721440080, +3.52, +28.353,    -0.1, +1238.0,   -32.0,  +248.0
1721440680, +3.52, +28.353,    +0.1, +1240.0,   -32.0,  +240.0
1721441280, +3.52, +28.353,    -0.0, +1238.0,   -32.0,  +240.0
1721441880, +3.52, +28.337,    -0.0, +1240.0,   -40.0,  +236.0
1721442480, +3.52, +28.304,    -0.0, +1238.0,   -36.0,  +264.0
1721443080, +3.52, +28.288,    +0.0, +1240.0,   -29.0,  +240.0
1721443680, +3.52, +28.271,    +0.2, +1241.0,   -16.0,  +236.0
1721444280, +3.52, +28.247,    +0.8, +1240.0,   -36.0,  +256.0
1721444880, +3.52, +28.222,    +1.8, +1240.0,   -24.0,  +248.0
1721445480, +3.52, +28.214,    +3.2, +1240.0,   -16.0,  +224.0
1721446080, +3.52, +28.222,    +5.0, +1238.0,   -32.0,  +240.0
1721446680, +3.52, +28.230,    +7.5, +1240.0,   -40.0,  +236.0
1721447280, +3.52, +28.238,    +8.0, +1240.0,   -32.0,  +240.0
1721447880, +3.52, +28.247,   +14.3, +1238.0,   -40.0,  +256.0
1721448480, +3.52, +28.238,   +15.1, +1235.0,   -26.0,  +256.0
1721449080, +3.52, +28.238,   +17.8, +1240.0,   -36.0,  +243.0
1721449680, +3.52, +28.255,   +19.8, +1240.0,   -29.0,  +248.0
1721450280, +3.52, +28.263,   +22.2, +1235.0,   -26.0,  +252.0
1721450880, +3.52, +28.263,   +22.4, +1240.0,   -40.0,  +240.0
1721451480, +3.52, +28.279,   +40.6, +1240.0,   -44.0,  +248.0
1721452080, +3.52, +28.296,   +40.4, +1238.0,   -47.0,  +256.0
1721452680, +3.52, +28.329,   +40.3, +1240.0,   -32.0,  +268.0
1721453280, +3.52, +28.320,   +56.3, +1238.0,   -40.0,  +256.0
1721453880, +3.52, +28.345,   +58.6, +1240.0,   -44.0,  +248.0
1721454480, +3.52, +28.361,   +67.0, +1238.0,   -64.0,  +272.0
1721455080, +3.52, +28.419,   +63.1, +1235.0,   -12.0,  +304.0
1721455680, +3.52, +28.468,   +79.9, +1238.0,   -80.0,  +270.0
1721456280, +3.52, +28.533,   +86.2, +1235.0,   -40.0,  +280.0
1721456880, +3.52, +28.550,   +95.9, +1235.0,   -48.0,  +280.0
1721457480, +3.52, +28.582,   +95.4, +1238.0,   -32.0,  +268.0
1721458080, +3.52, +28.591,  +102.7, +1232.0,   -24.0,  +284.0
1721458680, +3.52, +28.574,  +107.7, +1238.0,   -50.0,  +265.0
1721459280, +3.52, +28.574,  +110.7, +1233.0,   -40.0,  +288.0
1721459880, +3.52, +28.574,  +111.1, +1239.0,   -50.0,  +268.0
1721460480, +3.52, +28.574,  +124.1, +1239.0,   -88.0,  +264.0
1721461080, +3.52, +28.632,   +42.8, +1235.0,   -28.0,  +280.0
1721461680, +3.52, +28.640,  +138.3, +1235.0,   -32.0,  +288.0
1721462280, +3.52, +28.435,   +78.4, +1238.0,   -32.0,  +228.0
1721462880, +3.52, +28.271,  +123.9, +1235.0,   -40.0,  +242.0
1721463480, +3.52, +28.263,  +143.3, +1240.0,   -32.0,  +268.0
1721464080, +3.52, +28.320,  +164.6, +1233.0,   -32.0,  +300.0
1721464680, +3.52, +28.672,  +184.1, +1232.0,   -32.0,  +320.0
1721465280, +3.52, +28.942,  +179.9, +1230.0,   -60.0,  +342.0
1721465880, +3.52, +29.121,  +132.1, +1224.0,   +32.0,  +376.0
1721466480, +3.52, +29.154,   +58.1, +1222.0,   +38.0,  +384.0
1721467080, +3.52, +29.186,  +177.3, +1231.0,   -92.0,  +332.0
1721467680, +3.52, +29.154,  +171.0, +1230.0,   -58.0,  +328.0
1721468280, +3.52, +29.137,  +131.9, +1228.0,   -90.0,  +336.0
1721468880, +3.52, +29.170,  +160.4, +1225.0,   -16.0,  +359.0
1721469480, +3.52, +29.113,  +148.3, +1232.0,  -104.0,  +328.0
1721470080, +3.52, +29.105,  +147.6, +1223.0,   -29.0,  +360.0
1721470680, +3.52, +29.121,  +149.5, +1223.0,    +8.0,  +368.0
1721471280, +3.52, +29.170,  +143.3, +1228.0,   -64.0,  +342.0
1721471880, +3.52, +29.211,  +139.2, +1231.0,   -60.0,  +312.0
1721472480, +3.52, +29.121,  +135.5, +1231.0,   -14.0,  +320.0
1721473080, +3.52, +29.105,  +128.8, +1232.0,    +0.0,  +288.0
1721473680, +3.52, +29.048,  +119.5, +1235.0,   -16.0,  +272.0
1721474280, +3.52, +29.056,  +123.1, +1232.0,   -14.0,  +291.0
1721474880, +3.52, +29.056,  +119.3, +1231.0,   +24.0,  +296.0
1721475480, +3.52, +29.080,  +132.4, +1230.0,   +12.0,  +312.0
1721476080, +3.52, +29.080,  +128.5, +1231.0,   -32.0,  +312.0
1721476680, +3.52, +29.048,   +53.6, +1231.0,    +4.0,  +304.0
1721477280, +3.52, +28.999,  +131.4, +1232.0,    +6.0,  +292.0
