7530-479402
OS REV: 1.08 Sensor Cal: 1706256000 Averages: 30
Time (sec),  Bat (Volts),   T (deg C),  PAR (umol/(s m^2))  Ax (mg), Ay (mg), Az (mg)
1720955880, +3.52, +28.705,  +167.9, +1238.0,   -24.0,  +240.0
1720956480, +3.52, +28.730,  +168.7, +1235.0,   -32.0,  +252.0
1720957080, +3.52, +28.762,  +171.5, +1235.0,   -24.0,  +288.0
1720957680, +3.52, +28.917,   +72.4, +1232.0,   -16.0,  +288.0
1720958280, +3.52, +29.219,  +172.0, +1230.0,   -29.0,  +308.0
1720958880, +3.52, +29.382,  +162.3, +1232.0,   -28.0,  +288.0
1720959480, +3.52, +29.471,  +159.5, +1231.0,   -93.0,  +320.0
1720960080, +3.52, +29.544,  +142.2, +1230.0,   -60.0,  +320.0
1720960680, +3.52, +29.584,  +137.7, +1232.0,  -108.0,  +320.0
1720961280, +3.52, +29.544,   +46.5, +1230.0,   -60.0,  +326.0
1720961880, +3.52, +29.487,  +126.4, +1223.0,    +3.0,  +358.0
1720962480, +3.52, +29.292,  +106.1, +1224.0,    +0.0,  +360.0
1720963080, +3.52, +29.178,   +57.6, +1228.0,   -56.0,  +344.0
1720963680, +3.52, +29.170,   +58.5, +1231.0,   -40.0,  +332.0
1720964280, +3.52, +29.121,   +90.8, +1231.0,  -116.0,  +336.0
1720964880, +3.52, +29.089,   +77.5, +1224.0,   -16.0,  +344.0
1720965480, +3.52, +29.146,   +41.3, +1228.0,   -56.0,  +328.0
1720966080, +3.52, +29.121,   +61.9, +1225.0,   -48.0,  +348.0
1720966680, +3.52, +29.113,   +35.6, +1232.0,   -80.0,  +320.0
1720967280, +3.52, +29.105,   +37.0, +1231.0,   -60.0,  +332.0
1720967880, +3.52, +29.097,   +43.5, +1228.0,   -48.0,  +344.0
1720968480, +3.52, +29.080,   +63.6, +1232.0,   -92.0,  +334.0
1720969080, +3.52, +29.137,   +43.8, +1228.0,   +24.0,  +344.0
1720969680, +3.52, +29.235,   +34.9, +1224.0,   -24.0,  +352.0
1720970280, +3.52, +29.300,   +25.3, +1230.0,   -50.0,  +334.0
1720970880, +3.52, +29.365,   +30.5, +1219.0,   +20.0,  +390.0
1720971480, +3.52, +29.398,   +24.9, +1217.0,   -88.0,  +384.0
1720972080, +3.52, +29.479,   +19.0, +1225.0,   -12.0,  +355.0
1720972680, +3.52, +29.503,   +15.9, +1228.0,  -100.0,  +344.0
1720973280, +3.52, +29.528,   +11.7, +1222.0,   -26.0,  +391.0
1720973880, +3.52, +29.503,    +9.0, +1230.0,   -80.0,  +334.0
1720974480, +3.52, +29.447,    +4.9, +1214.0,   +34.0,  +419.0
1720975080, +3.52, +29.300,    +2.2, +1231.0,   -36.0,  +310.0
1720975680, +3.52, +29.154,    +1.7, +1230.0,   -72.0,  +316.0
1720976280, +3.52, +29.097,    +0.6, +1220.0,   +24.0,  +396.0
1720976880, +3.52, +29.048,    +0.1, +1228.0,   -30.0,  +339.0
1720977480, +3.52, +29.023,    -0.0, +1228.0,    +0.0,  +336.0
1720978080, +3.52, +29.015,    +0.1, +1231.0,   -20.0,  +320.0
1720978680, +3.52, +29.023,    -0.2, +1224.0,   +40.0,  +344.0
1720979280, +3.52, +29.072,    -0.1, +1230.0,   +22.0,  +328.0
1720979880, +3.52, +29.105,    -0.1, +1232.0,   -20.0,  +312.0
1720980480, +3.52, +29.129,    -0.1, +1225.0,    +8.0,  +328.0
1720981080, +3.52, +29.178,    +0.0, +1232.0,  -100.0,  +327.0
1720981680, +3.52, +29.227,    +0.0, +1219.0,   +41.0,  +384.0
1720982280, +3.52, +29.308,    -0.1, +1222.0,    +0.0,  +356.0
1720982880, +3.52, +29.430,    -0.1, +1228.0,  -104.0,  +354.0
1720983480, +3.52, +29.544,    -0.0, +1223.0,    +3.0,  +355.0
1720984080, +3.52, +29.576,    -0.1, +1216.0,   -20.0,  +419.0
1720984680, +3.52, +29.584,    -0.1, +1223.0,    +0.0,  +376.0
1720985280, +3.52, +29.601,    -0.1, +1225.0,   -30.0,  +344.0
1720985880, +3.52, +29.593,    +0.1, +1212.0,   -36.0,  +408.0
1720986480, +3.52, +29.593,    -0.0, +1196.0,   -48.0,  +448.0
1720987080, +3.52, +29.593,    -0.0, +1223.0,   -16.0,  +364.0
1720987680, +3.52, +29.593,    +0.0, +1222.0,   +30.0,  +360.0
1720988280, +3.52, +29.584,    -0.0, +1228.0,   +16.0,  +328.0
1720988880, +3.52, +29.576,    -0.0, +1219.0,   -90.0,  +384.0
1720989480, +3.52, +29.584,    -0.0, +1224.0,   -68.0,  +352.0
1720990080, +3.52, +29.576,    -0.0, +1224.0,   -40.0,  +339.0
1720990680, +3.52, +29.528,    -0.0, +1222.0,   +24.0,  +356.0
1720991280, +3.52, +29.455,    +0.0, +1231.0,   -90.0,  +356.0
1720991880, +3.52, +29.398,    +0.0, +1231.0,   -16.0,  +304.0
1720992480, +3.52, +29.365,    +0.1, +1230.0,   -52.0,  +306.0
1720993080, +3.52, +29.325,    +0.1, +1231.0,   -40.0,  +320.0
1720993680, +3.52, +29.260,    -0.1, +1230.0,   -12.0,  +312.0
1720994280, +3.52, +29.129,    +0.0, +1231.0,   -28.0,  +304.0
1720994880, +3.52, +29.080,    -0.1, +1235.0,   -32.0,  +280.0
1720995480, +3.52, +29.048,    -0.1, +1231.0,   +14.0,  +291.0
1720996080, +3.52, +28.983,    +0.0, +1232.0,   -40.0,  +304.0
1720996680, +3.52, +28.934,    +0.0, +1232.0,   -10.0,  +306.0
1720997280, +3.52, +28.852,    -0.0, +1231.0,   -12.0,  +280.0
1720997880, +3.52, +28.787,    -0.1, +1235.0,   -36.0,  +284.0
1720998480, +3.52, +28.762,    +0.1, +1232.0,   -13.0,  +288.0
1720999080, +3.52, +28.754,    -0.1, +1235.0,   -16.0,  +272.0
1720999680, +3.52, +28.738,    +0.0, +1233.0,    +2.0,  +288.0
1721000280, +3.52, +28.738,    -0.0, +1235.0,   -24.0,  +270.0
1721000880, +3.52, +28.730,    -0.0, +1232.0,   -42.0,  +300.0
1721001480, +3.52, +28.738,    -0.1, +1232.0,   -16.0,  +278.0
1721002080, +3.52, +28.746,    -0.1, +1232.0,    -8.0,  +296.0
1721002680, +3.52, +28.738,    +0.0, +1235.0,   -56.0,  +288.0
1721003280, +3.52, +28.730,    -0.1, +1232.0,   -16.0,  +306.0
1721003880, +3.52, +28.721,    +0.0, +1235.0,   -56.0,  +280.0
1721004480, +3.52, +28.713,    -0.0, +1232.0,   -10.0,  +280.0
1721005080, +3.52, +28.713,    +0.0, +1232.0,    +8.0,  +280.0
1721005680, +3.52, +28.713,    -0.0, +1231.0,    +0.0,  +288.0
1721006280, +3.52, +28.721,    -0.0, +1232.0,    +0.0,  +282.0
1721006880, +3.52, +28.713,    +0.1, +1233.0,   -16.0,  +284.0
1721007480, +3.52, +28.705,    -0.1, +1232.0,   +24.0,  +280.0
1721008080, +3.52, +28.689,    -0.0, +1231.0,   -16.0,  +291.0
1721008680, +3.52, +28.689,    +0.0, +1233.0,   -32.0,  +300.0
1721009280, +3.52, +28.656,    -0.0, +1233.0,   -32.0,  +272.0
1721009880, +3.52, +28.648,    -0.1, +1235.0,   -16.0,  +274.0
1721010480, +3.52, +28.623,    -0.1, +1235.0,   -32.0,  +268.0
1721011080, +3.52, +28.582,    +0.1, +1235.0,    +0.0,  +264.0
1721011680, +3.52, +28.558,    +0.4, +1232.0,    +0.0,  +270.0
1721012280, +3.52, +28.558,    +1.4, +1235.0,   -48.0,  +272.0
1721012880, +3.52, +28.566,    +2.8, +1235.0,   -32.0,  +268.0
1721013480, +3.52, +28.566,    +5.1, +1232.0,    +0.0,  +274.0
1721014080, +3.52, +28.599,    +7.6, +1231.0,    -8.0,  +310.0
1721014680, +3.52, +28.632,   +10.2, +1232.0,   -32.0,  +304.0
1721015280, +3.52, +28.656,   +11.9, +1223.0,   +56.0,  +344.0
1721015880, +3.52, +28.664,   +20.6, +1233.0,   -72.0,  +324.0
1721016480, +3.52, +28.681,   +14.9, +1236.0,   -32.0,  +284.0
1721017080, +3.52, +28.681,   +14.2, +1231.0,   -26.0,  +307.0
1721017680, +3.52, +28.672,   +23.4, +1233.0,   -20.0,  +280.0
1721018280, +3.52, +28.697,   +32.6, +1235.0,   -44.0,  +304.0
1721018880, +3.52, +28.705,   +36.5, +1235.0,   -12.0,  +280.0
1721019480, +3.52, +28.689,   +37.2, +1235.0,    +1.0,  +268.0
1721020080, +3.52, +28.705,   +44.7, +1232.0,   -40.0,  +312.0
1721020680, +3.52, +28.713,   +47.3, +1235.0,   -46.0,  +294.0
1721021280, +3.52, +28.697,   +52.1, +1236.0,   -40.0,  +280.0
1721021880, +3.52, +28.705,   +20.7, +1231.0,   -25.0,  +307.0
1721022480, +3.52, +28.713,   +75.4, +1235.0,   -36.0,  +270.0
1721023080, +3.52, +28.713,   +56.0, +1235.0,   -40.0,  +284.0
1721023680, +3.52, +28.721,   +85.3, +1232.0,   -10.0,  +296.0
1721024280, +3.52, +28.730,   +92.7, +1231.0,   -20.0,  +304.0
1721024880, +3.52, +28.738,   +34.4, +1235.0,   -72.0,  +294.0
1721025480, +3.52, +28.738,   +80.0, +1238.0,   -40.0,  +278.0
1721026080, +3.52, +28.762,   +42.8, +1233.0,    +4.0,  +280.0
1721026680, +3.52, +28.787,  +113.1, +1235.0,   -48.0,  +281.0
1721027280, +3.52, +28.787,  +122.9, +1235.0,   -32.0,  +272.0
1721027880, +3.52, +28.811,  +128.4, +1228.0,   -24.0,  +358.0
1721028480, +3.52, +28.811,  +138.5, +1235.0,   -56.0,  +296.0
1721029080, +3.52, +28.836,  +141.8, +1231.0,   -64.0,  +328.0
1721029680, +3.52, +28.868,  +152.5, +1230.0,   -16.0,  +334.0
1721030280, +3.52, +28.934,   +51.8, +1232.0,   -62.0,  +300.0
1721030880, +3.52, +28.966,  +181.0, +1231.0,   -32.0,  +339.0
1721031480, +3.52, +28.999,  +178.1, +1230.0,   -32.0,  +340.0
1721032080, +3.52, +29.040,  +178.7, +1230.0,   -48.0,  +324.0
1721032680, +3.52, +29.072,  +182.7, +1233.0,   -72.0,  +305.0
1721033280, +3.52, +29.113,  +187.2, +1230.0,   -40.0,  +327.0
1721033880, +3.52, +29.170,  +183.4, +1230.0,   -50.0,  +326.0
1721034480, +3.52, +29.260,  +186.8, +1225.0,  -122.0,  +374.0
1721035080, +3.52, +29.276,  +158.9, +1222.0,   -24.0,  +376.0
1721035680, +3.52, +29.325,  +183.5, +1231.0,  -100.0,  +327.0
1721036280, +3.52, +29.365,  +184.3, +1216.0,    -8.0,  +416.0
1721036880, +3.52, +29.422,  +198.6, +1222.0,   -72.0,  +368.0
1721037480, +3.52, +29.479,  +181.4, +1222.0,  -122.0,  +392.0
1721038080, +3.52, +29.495,  +192.7, +1230.0,   -72.0,  +359.0
1721038680, +3.52, +29.520,  +176.6, +1216.0,   -20.0,  +444.0
1721039280, +3.52, +29.544,  +168.2, +1223.0,   -56.0,  +380.0
1721039880, +3.52, +29.576,  +174.1, +1200.0,   +24.0,  +496.0
1721040480, +3.52, +29.609,  +169.8, +1212.0,  -160.0,  +432.0
1721041080, +3.52, +29.633,  +163.6, +1200.0,   -16.0,  +515.0
1721041680, +3.52, +29.666,  +170.0, +1212.0,   -56.0,  +428.0
1721042280, +3.52, +29.682,  +167.0, +1208.0,   +32.0,  +464.0
