7530-479402
OS REV: 1.08 Sensor Cal: 1706256000 Averages: 30
Time (sec),  Bat (Volts),   T (deg C),  PAR (umol/(s m^2))  Ax (mg), Ay (mg), Az (mg)
1720694880, +3.52, +28.542,  +162.0, +1238.0,   -29.0,  +256.0
1720695480, +3.52, +28.550,  +170.1, +1240.0,   -26.0,  +246.0
1720696080, +3.52, +28.566,  +179.9, +1236.0,   -32.0,  +259.0
1720696680, +3.52, +28.574,  +186.9, +1238.0,   -32.0,  +248.0
1720697280, +3.52, +28.566,  +182.0, +1238.0,   -24.0,  +256.0
1720697880, +3.52, +28.582,  +180.2, +1240.0,   -32.0,  +246.0
1720698480, +3.52, +28.582,  +183.4, +1238.0,   -32.0,  +256.0
1720699080, +3.52, +28.591,  +171.4, +1235.0,   -16.0,  +268.0
1720699680, +3.52, +28.591,  +156.5, +1235.0,   -32.0,  +259.0
1720700280, +3.52, +28.599,  +146.0, +1238.0,   -26.0,  +248.0
1720700880, +3.52, +28.607,  +144.1, +1235.0,    +1.0,  +240.0
1720701480, +3.52, +28.607,  +136.3, +1235.0,    +0.0,  +248.0
1720702080, +3.52, +28.599,  +127.3, +1240.0,   -52.0,  +248.0
1720702680, +3.52, +28.607,  +123.9, +1239.0,   -12.0,  +240.0
1720703280, +3.52, +28.615,  +115.0, +1235.0,    +2.0,  +260.0
1720703880, +3.52, +28.607,  +110.2, +1238.0,   -40.0,  +240.0
1720704480, +3.52, +28.599,  +103.3, +1235.0,   -24.0,  +248.0
1720705080, +3.52, +28.550,   +95.7, +1235.0,    -8.0,  +240.0
1720705680, +3.52, +28.517,   +82.2, +1208.0,    +0.0,  +372.0
1720706280, +3.52, +28.501,   +78.1, +1206.0,    +8.0,  +379.0
1720706880, +3.52, +28.484,   +70.5, +1200.0,   -40.0,  +398.0
1720707480, +3.52, +28.476,   +66.1, +1233.0,   +17.0,  +228.0
1720708080, +3.52, +28.484,   +61.5, +1238.0,   -26.0,  +236.0
1720708680, +3.52, +28.492,   +55.6, +1240.0,    +0.0,  +240.0
1720709280, +3.52, +28.501,   +51.8, +1240.0,   -24.0,  +240.0
1720709880, +3.52, +28.509,   +48.7, +1240.0,   -16.0,  +248.0
1720710480, +3.52, +28.550,   +41.8, +1235.0,    -8.0,  +256.0
1720711080, +3.52, +28.558,   +37.0, +1238.0,   -16.0,  +236.0
1720711680, +3.52, +28.566,   +32.0, +1238.0,    -8.0,  +248.0
1720712280, +3.52, +28.566,   +25.3, +1235.0,    +4.0,  +256.0
1720712880, +3.52, +28.558,   +22.1, +1238.0,   -16.0,  +268.0
1720713480, +3.52, +28.550,   +17.8, +1238.0,   -20.0,  +252.0
1720714080, +3.52, +28.574,   +14.2, +1235.0,    +0.0,  +280.0
1720714680, +3.52, +28.591,   +10.8, +1235.0,   -10.0,  +256.0
1720715280, +3.52, +28.591,    +7.8, +1236.0,   -16.0,  +248.0
1720715880, +3.52, +28.599,    +5.0, +1235.0,   -24.0,  +256.0
1720716480, +3.52, +28.640,    +2.6, +1235.0,    +0.0,  +256.0
1720717080, +3.52, +28.615,    +0.9, +1240.0,   -24.0,  +243.0
1720717680, +3.52, +28.542,    +0.1, +1239.0,   -16.0,  +252.0
1720718280, +3.52, +28.484,    -0.1, +1238.0,    +6.0,  +240.0
1720718880, +3.52, +28.476,    +0.0, +1235.0,   -10.0,  +260.0
1720719480, +3.52, +28.484,    -0.1, +1238.0,   -16.0,  +260.0
1720720080, +3.52, +28.492,    -0.0, +1235.0,    +0.0,  +248.0
1720720680, +3.52, +28.492,    +0.0, +1239.0,    +0.0,  +252.0
1720721280, +3.52, +28.492,    -0.0, +1238.0,   -24.0,  +246.0
1720721880, +3.52, +28.501,    +0.1, +1235.0,    +0.0,  +256.0
1720722480, +3.52, +28.509,    -0.0, +1235.0,    +8.0,  +272.0
1720723080, +3.52, +28.525,    -0.1, +1238.0,   -16.0,  +248.0
1720723680, +3.52, +28.525,    -0.1, +1236.0,   -24.0,  +248.0
1720724280, +3.52, +28.525,    -0.0, +1236.0,    +0.0,  +243.0
1720724880, +3.52, +28.492,    +0.1, +1238.0,   -32.0,  +244.0
1720725480, +3.52, +28.484,    -0.1, +1236.0,   -16.0,  +252.0
1720726080, +3.52, +28.476,    -0.1, +1235.0,   -30.0,  +241.0
1720726680, +3.52, +28.468,    -0.1, +1238.0,   -16.0,  +248.0
1720727280, +3.52, +28.460,    -0.0, +1232.0,   +14.0,  +259.0
1720727880, +3.52, +28.452,    -0.1, +1236.0,   -24.0,  +243.0
1720728480, +3.52, +28.435,    -0.1, +1236.0,   -24.0,  +256.0
1720729080, +3.52, +28.419,    -0.1, +1235.0,    +8.0,  +248.0
1720729680, +3.52, +28.419,    -0.1, +1238.0,    +0.0,  +246.0
1720730280, +3.52, +28.411,    -0.2, +1235.0,    -8.0,  +244.0
1720730880, +3.52, +28.411,    -0.1, +1235.0,   -10.0,  +259.0
1720731480, +3.52, +28.394,    +0.0, +1240.0,    -8.0,  +246.0
1720732080, +3.52, +28.386,    -0.0, +1235.0,    +0.0,  +240.0
1720732680, +3.52, +28.386,    +0.0, +1238.0,    +0.0,  +242.0
1720733280, +3.52, +28.386,    -0.0, +1240.0,   -26.0,  +256.0
1720733880, +3.52, +28.394,    -0.0, +1236.0,   -20.0,  +262.0
1720734480, +3.52, +28.394,    +0.1, +1235.0,   +14.0,  +244.0
1720735080, +3.52, +28.370,    +0.0, +1238.0,    -8.0,  +240.0
1720735680, +3.52, +28.361,    -0.0, +1235.0,    +0.0,  +252.0
1720736280, +3.52, +28.353,    -0.0, +1235.0,   +16.0,  +256.0
1720736880, +3.52, +28.353,    -0.1, +1238.0,   -12.0,  +248.0
1720737480, +3.52, +28.353,    -0.0, +1233.0,    +0.0,  +280.0
1720738080, +3.52, +28.353,    +0.0, +1232.0,    +3.0,  +262.0
1720738680, +3.52, +28.345,    -0.0, +1238.0,   -13.0,  +259.0
1720739280, +3.52, +28.329,    -0.0, +1236.0,    +0.0,  +240.0
1720739880, +3.52, +28.304,    +0.0, +1235.0,    +0.0,  +260.0
1720740480, +3.52, +28.288,    -0.1, +1240.0,   -10.0,  +240.0
1720741080, +3.52, +28.296,    -0.1, +1236.0,    +0.0,  +240.0
1720741680, +3.52, +28.296,    -0.0, +1235.0,    -8.0,  +258.0
1720742280, +3.52, +28.288,    -0.0, +1232.0,    +8.0,  +252.0
1720742880, +3.52, +28.271,    -0.0, +1235.0,   -28.0,  +264.0
1720743480, +3.52, +28.255,    -0.1, +1239.0,   -16.0,  +236.0
1720744080, +3.52, +28.238,    -0.1, +1196.0,   -18.0,  +408.0
1720744680, +3.52, +28.197,    -0.0, +1238.0,   -13.0,  +256.0
1720745280, +3.52, +28.165,    -0.0, +1239.0,   -20.0,  +230.0
1720745880, +3.52, +28.156,    +0.0, +1239.0,   -32.0,  +230.0
1720746480, +3.52, +28.140,    +0.0, +1238.0,   -13.0,  +224.0
1720747080, +3.52, +28.115,    +0.1, +1235.0,    -8.0,  +243.0
1720747680, +3.52, +28.083,    +0.1, +1236.0,    -8.0,  +248.0
1720748280, +3.52, +28.066,    +0.0, +1240.0,   -20.0,  +230.0
1720748880, +3.52, +28.033,    +0.0, +1236.0,    +8.0,  +240.0
1720749480, +3.52, +28.025,    -0.1, +1239.0,   -15.0,  +240.0
1720750080, +3.52, +28.009,    +0.0, +1240.0,   -26.0,  +240.0
1720750680, +3.52, +28.025,    +0.0, +1240.0,    +0.0,  +240.0
1720751280, +3.52, +28.058,    +0.0, +1238.0,   -16.0,  +257.0
1720751880, +3.52, +28.066,    +0.3, +1235.0,    +4.0,  +232.0
1720752480, +3.52, +28.042,    +1.1, +1240.0,    +0.0,  +236.0
1720753080, +3.52, +28.050,    +3.0, +1240.0,   -16.0,  +224.0
1720753680, +3.52, +28.009,    +5.2, +1201.0,   -23.0,  +388.0
1720754280, +3.52, +27.984,    +8.2, +1200.0,   -32.0,  +384.0
1720754880, +3.52, +27.959,    +9.7, +1240.0,   -16.0,  +224.0
1720755480, +3.52, +27.951,   +11.4, +1240.0,   -13.0,  +224.0
1720756080, +3.52, +27.894,   +12.6, +1203.0,   -26.0,  +390.0
1720756680, +3.52, +27.885,   +20.1, +1240.0,   -20.0,  +224.0
1720757280, +3.52, +27.836,   +27.4, +1240.0,   -20.0,  +224.0
1720757880, +3.52, +27.844,   +30.5, +1240.0,   -24.0,  +216.0
1720758480, +3.52, +27.844,   +38.1, +1206.0,   -26.0,  +376.0
1720759080, +3.52, +27.828,   +43.3, +1240.0,   -20.0,  +208.0
1720759680, +3.52, +27.803,   +51.8, +1240.0,    -8.0,  +220.0
1720760280, +3.52, +27.787,   +55.3, +1240.0,   -32.0,  +216.0
1720760880, +3.52, +27.787,   +64.4, +1240.0,   -16.0,  +218.0
1720761480, +3.52, +27.803,   +76.5, +1239.0,   -13.0,  +224.0
1720762080, +3.52, +27.811,   +86.5, +1240.0,    +4.0,  +224.0
1720762680, +3.52, +27.820,   +93.4, +1240.0,    +0.0,  +227.0
1720763280, +3.52, +27.836,  +101.4, +1240.0,   -16.0,  +226.0
1720763880, +3.52, +27.861,  +111.7, +1240.0,   -16.0,  +216.0
1720764480, +3.52, +27.894,  +136.4, +1239.0,    -8.0,  +230.0
1720765080, +3.52, +27.918,  +141.4, +1240.0,   -13.0,  +216.0
1720765680, +3.52, +27.935,  +154.9, +1240.0,   -12.0,  +228.0
1720766280, +3.52, +27.959,  +156.0, +1240.0,   -16.0,  +224.0
1720766880, +3.52, +27.959,  +181.6, +1240.0,   -24.0,  +232.0
1720767480, +3.52, +27.984,  +173.6, +1201.0,   -25.0,  +384.0
1720768080, +3.52, +27.984,  +194.8, +1201.0,   -44.0,  +391.0
1720768680, +3.52, +28.042,  +217.3, +1239.0,   -16.0,  +232.0
1720769280, +3.52, +28.083,  +207.9, +1240.0,   -24.0,  +224.0
1720769880, +3.52, +28.066,  +243.2, +1235.0,   -16.0,  +233.0
1720770480, +3.52, +28.107,  +246.0, +1240.0,   -24.0,  +224.0
1720771080, +3.52, +28.124,  +255.6, +1235.0,   -29.0,  +240.0
1720771680, +3.52, +28.148,  +273.4, +1235.0,   -13.0,  +248.0
1720772280, +3.52, +28.148,  +269.6, +1239.0,   -24.0,  +232.0
1720772880, +3.52, +28.156,  +253.2, +1240.0,   -24.0,  +236.0
1720773480, +3.52, +28.156,  +279.5, +1238.0,   -16.0,  +226.0
1720774080, +3.52, +28.189,  +279.7, +1238.0,   -16.0,  +236.0
1720774680, +3.52, +28.214,  +262.9, +1240.0,   -28.0,  +216.0
1720775280, +3.52, +28.222,  +242.8, +1240.0,   -24.0,  +228.0
1720775880, +3.52, +28.230,  +229.3, +1235.0,   -16.0,  +240.0
1720776480, +3.52, +28.247,  +212.0, +1240.0,   -36.0,  +236.0
1720777080, +3.52, +28.255,  +202.4, +1209.0,   -36.0,  +364.0
1720777680, +3.52, +28.271,  +195.7, +1208.0,   -28.0,  +368.0
1720778280, +3.52, +28.288,  +190.3, +1208.0,   -32.0,  +371.0
1720778880, +3.52, +28.296,  +189.5, +1207.0,   -32.0,  +370.0
1720779480, +3.52, +28.304,  +188.4, +1200.0,   -40.0,  +380.0
1720780080, +3.52, +28.320,  +189.5, +1240.0,   -24.0,  +232.0
1720780680, +3.52, +28.320,  +189.9, +1238.0,   -15.0,  +240.0
1720781280, +3.52, +28.320,  +193.1, +1239.0,   -20.0,  +230.0
