7530-479402
OS REV: 1.08 Sensor Cal: 1706256000 Averages: 30
Time (sec),  Bat (Volts),   T (deg C),  PAR (umol/(s m^2))  Ax (mg), Ay (mg), Az (mg)
1722869880, +3.52, +29.674,    +2.0, +1240.0,   -26.0,  +272.0
1722870480, +3.52, +29.674,    +4.1, +1238.0,   -24.0,  +284.0
1722871080, +3.52, +29.698,    +3.4, +1180.0,   -48.0,  +448.0
1722871680, +3.52, +29.722,    +2.5, +1144.0,   -45.0,  +470.0
1722872280, +3.52, +29.738,    +2.3, +1231.0,   -40.0,  +307.0
1722872880, +3.52, +29.771,    +1.4, +1231.0,   -16.0,  +308.0
1722873480, +3.52, +29.795,    +1.1, +1231.0,   -24.0,  +312.0
1722874080, +3.52, +29.827,    +0.7, +1230.0,   -16.0,  +320.0
1722874680, +3.52, +29.844,    +0.5, +1235.0,   -24.0,  +291.0
1722875280, +3.52, +29.852,    +0.2, +1231.0,   -20.0,  +294.0
1722875880, +3.52, +29.868,    +0.1, +1232.0,   -26.0,  +294.0
1722876480, +3.52, +29.884,    +0.1, +1232.0,   -24.0,  +304.0
1722877080, +3.52, +29.900,    +0.0, +1228.0,   -32.0,  +320.0
1722877680, +3.52, +29.925,    -0.0, +1225.0,   -24.0,  +336.0
1722878280, +3.52, +29.933,    -0.1, +1227.0,   -24.0,  +339.0
1722878880, +3.52, +29.965,    +0.0, +1224.0,   -28.0,  +326.0
1722879480, +3.52, +29.973,    -0.1, +1224.0,    +0.0,  +344.0
1722880080, +3.52, +29.997,    +0.0, +1223.0,    +0.0,  +350.0
1722880680, +3.52, +30.013,    +0.1, +1217.0,   -24.0,  +352.0
1722881280, +3.52, +30.030,    -0.0, +1182.0,   -26.0,  +435.0
1722881880, +3.52, +30.013,    -0.0, +1188.0,   -32.0,  +428.0
1722882480, +3.52, +30.030,    -0.0, +1208.0,   -32.0,  +380.0
1722883080, +3.52, +30.062,    -0.0, +1201.0,   -10.0,  +404.0
1722883680, +3.52, +30.070,    -0.1, +1214.0,   -20.0,  +368.0
1722884280, +3.52, +30.094,    -0.1, +1200.0,   -18.0,  +408.0
1722884880, +3.52, +30.102,    -0.1, +1233.0,   -29.0,  +288.0
1722885480, +3.52, +30.110,    -0.1, +1196.0,   -29.0,  +408.0
1722886080, +3.52, +30.118,    -0.1, +1223.0,    -8.0,  +334.0
1722886680, +3.52, +30.102,    -0.1, +1192.0,   -29.0,  +416.0
1722887280, +3.52, +30.126,    -0.1, +1176.0,   -45.0,  +435.0
1722887880, +3.52, +30.159,    -0.0, +1184.0,   -29.0,  +430.0
1722888480, +3.52, +30.159,    -0.0, +1180.0,   -32.0,  +436.0
1722889080, +3.52, +30.151,    -0.1, +1172.0,   -60.0,  +441.0
1722889680, +3.52, +30.142,    -0.1, +1196.0,   -32.0,  +425.0
1722890280, +3.52, +30.126,    -0.0, +1200.0,   -20.0,  +423.0
1722890880, +3.52, +30.102,    -0.1, +1198.0,   -45.0,  +424.0
1722891480, +3.52, +30.021,    +0.0, +1196.0,   -32.0,  +432.0
1722892080, +3.52, +29.949,    -0.0, +1232.0,    +0.0,  +300.0
1722892680, +3.52, +29.836,    -0.1, +1232.0,    -8.0,  +296.0
1722893280, +3.52, +29.755,    -0.0, +1235.0,    +4.0,  +252.0
1722893880, +3.52, +29.544,    -0.1, +1240.0,   +14.0,  +231.0
1722894480, +3.52, +29.447,    -0.0, +1240.0,   -13.0,  +231.0
1722895080, +3.52, +29.382,    -0.1, +1236.0,   -24.0,  +248.0
1722895680, +3.52, +29.341,    -0.0, +1224.0,   -24.0,  +324.0
1722896280, +3.52, +29.308,    -0.1, +1190.0,   -15.0,  +414.0
1722896880, +3.52, +29.268,    -0.1, +1180.0,   -16.0,  +428.0
1722897480, +3.52, +29.243,    +0.1, +1193.0,   -32.0,  +409.0
1722898080, +3.52, +29.251,    -0.0, +1174.0,   -32.0,  +424.0
1722898680, +3.52, +29.235,    -0.0, +1219.0,   -16.0,  +344.0
1722899280, +3.52, +29.219,    -0.0, +1161.0,   -49.0,  +432.0
1722899880, +3.52, +29.219,    +0.0, +1176.0,   -36.0,  +433.0
1722900480, +3.52, +29.227,    -0.0, +1172.0,   -42.0,  +422.0
1722901080, +3.52, +29.284,    +0.0, +1171.0,   -45.0,  +424.0
1722901680, +3.52, +29.211,    -0.0, +1177.0,   -40.0,  +416.0
1722902280, +3.52, +29.154,    +0.1, +1183.0,   -16.0,  +414.0
1722902880, +3.52, +29.113,    -0.0, +1232.0,   -16.0,  +271.0
1722903480, +3.52, +29.056,    -0.1, +1231.0,    +8.0,  +280.0
1722904080, +3.52, +28.958,    -0.1, +1228.0,    +0.0,  +296.0
1722904680, +3.52, +28.885,    -0.1, +1228.0,    +8.0,  +304.0
1722905280, +3.52, +28.877,    -0.1, +1232.0,   -16.0,  +300.0
1722905880, +3.52, +28.926,    -0.1, +1231.0,   -16.0,  +304.0
1722906480, +3.52, +28.868,    -0.1, +1232.0,    +8.0,  +304.0
1722907080, +3.52, +28.917,    +0.1, +1230.0,   -15.0,  +304.0
1722907680, +3.52, +29.040,    +0.0, +1232.0,   -23.0,  +288.0
1722908280, +3.52, +29.048,    +0.0, +1232.0,   -16.0,  +286.0
1722908880, +3.52, +28.901,    +0.1, +1235.0,   -16.0,  +280.0
1722909480, +3.52, +28.770,    +0.0, +1233.0,   -16.0,  +280.0
1722910080, +3.52, +28.787,    -0.1, +1232.0,    +0.0,  +294.0
1722910680, +3.52, +28.836,    -0.1, +1231.0,   -20.0,  +304.0
1722911280, +3.52, +28.909,    +0.1, +1232.0,   -16.0,  +295.0
1722911880, +3.52, +28.950,    +0.1, +1238.0,   -31.0,  +278.0
1722912480, +3.52, +28.983,    +0.1, +1235.0,   -20.0,  +272.0
1722913080, +3.52, +28.966,    -0.1, +1230.0,   -24.0,  +312.0
1722913680, +3.52, +28.950,    +0.1, +1235.0,   -26.0,  +270.0
1722914280, +3.52, +28.999,    +0.4, +1235.0,   -16.0,  +280.0
1722914880, +3.52, +28.999,    +0.7, +1232.0,   -25.0,  +268.0
1722915480, +3.52, +29.056,    +1.2, +1235.0,   -24.0,  +278.0
1722916080, +3.52, +29.121,    +1.4, +1235.0,    +0.0,  +280.0
1722916680, +3.52, +29.154,    +2.0, +1232.0,   -20.0,  +296.0
1722917280, +3.52, +29.227,    +2.2, +1231.0,   -16.0,  +290.0
1722917880, +3.52, +29.235,    +3.1, +1236.0,   -40.0,  +276.0
1722918480, +3.52, +29.260,    +3.4, +1233.0,   -24.0,  +284.0
1722919080, +3.52, +29.284,    +4.0, +1180.0,   -32.0,  +440.0
1722919680, +3.52, +29.317,    +4.5, +1232.0,    +4.0,  +288.0
1722920280, +3.52, +29.341,    +5.8, +1190.0,   -40.0,  +422.0
1722920880, +3.52, +29.333,    +7.0, +1230.0,   -13.0,  +307.0
1722921480, +3.52, +29.341,    +6.8, +1209.0,   -24.0,  +384.0
1722922080, +3.52, +29.349,    +8.4, +1192.0,   -45.0,  +419.0
1722922680, +3.52, +29.349,    +9.5, +1193.0,   -16.0,  +428.0
1722923280, +3.52, +29.333,   +11.6, +1183.0,   -32.0,  +428.0
1722923880, +3.52, +29.268,   +10.9, +1232.0,    +1.0,  +286.0
1722924480, +3.52, +29.276,    +4.9, +1191.0,   -36.0,  +432.0
1722925080, +3.52, +29.317,   +12.4, +1200.0,   -36.0,  +423.0
1722925680, +3.52, +29.300,   +12.9, +1182.0,   -45.0,  +448.0
1722926280, +3.52, +29.292,   +14.7, +1230.0,   -16.0,  +312.0
1722926880, +3.52, +29.292,   +14.9, +1183.0,   -32.0,  +451.0
1722927480, +3.52, +29.300,   +10.6, +1187.0,   -45.0,  +424.0
1722928080, +3.52, +29.292,   +19.7, +1223.0,    -8.0,  +360.0
1722928680, +3.52, +29.333,    +9.6, +1217.0,   -16.0,  +372.0
1722929280, +3.52, +29.398,   +21.5, +1219.0,   -30.0,  +374.0
1722929880, +3.52, +29.463,   +21.8, +1164.0,   -44.0,  +460.0
1722930480, +3.52, +29.455,   +22.4, +1174.0,   -72.0,  +451.0
1722931080, +3.52, +29.479,   +18.2, +1144.0,   -48.0,  +456.0
1722931680, +3.52, +29.544,   +25.1, +1168.0,   -40.0,  +448.0
1722932280, +3.52, +29.601,   +20.6, +1176.0,   -58.0,  +454.0
1722932880, +3.52, +29.617,   +26.8, +1136.0,   -64.0,  +448.0
1722933480, +3.52, +29.674,   +28.6, +1240.0,   -36.0,  +271.0
1722934080, +3.52, +29.690,   +30.6, +1235.0,   -20.0,  +288.0
1722934680, +3.52, +29.690,   +30.2, +1232.0,   -18.0,  +294.0
1722935280, +3.52, +29.698,   +28.9, +1169.0,   -20.0,  +464.0
1722935880, +3.52, +29.706,   +11.8, +1240.0,   -10.0,  +279.0
1722936480, +3.52, +29.730,   +29.8, +1232.0,   -24.0,  +304.0
1722937080, +3.52, +29.747,   +29.3, +1155.0,   -32.0,  +467.0
1722937680, +3.52, +29.763,   +30.6, +1232.0,   -40.0,  +304.0
1722938280, +3.52, +29.795,   +27.7, +1230.0,    -8.0,  +316.0
1722938880, +3.52, +29.811,   +25.3, +1231.0,    +0.0,  +300.0
1722939480, +3.52, +29.836,   +26.3, +1231.0,   -16.0,  +320.0
1722940080, +3.52, +29.860,   +24.6, +1232.0,   -29.0,  +300.0
1722940680, +3.52, +29.892,   +21.6, +1231.0,    +0.0,  +310.0
1722941280, +3.52, +29.933,   +21.4, +1230.0,   -12.0,  +312.0
1722941880, +3.52, +29.949,   +21.9, +1231.0,   -25.0,  +326.0
1722942480, +3.52, +29.981,   +20.8, +1230.0,   -16.0,  +323.0
1722943080, +3.52, +30.021,   +22.3, +1230.0,    +3.0,  +312.0
1722943680, +3.52, +30.054,   +18.2, +1225.0,   -26.0,  +335.0
1722944280, +3.52, +30.070,   +17.5, +1224.0,   -36.0,  +334.0
1722944880, +3.52, +30.102,   +18.1, +1198.0,   -49.0,  +412.0
1722945480, +3.52, +30.126,   +15.3, +1231.0,   -20.0,  +324.0
1722946080, +3.52, +30.151,   +15.5, +1198.0,   -32.0,  +422.0
1722946680, +3.52, +30.175,   +18.2, +1191.0,   -44.0,  +428.0
1722947280, +3.52, +30.183,   +15.8, +1230.0,    +0.0,  +316.0
1722947880, +3.52, +30.191,   +14.4, +1219.0,   -48.0,  +364.0
1722948480, +3.52, +30.175,   +17.3, +1216.0,   -12.0,  +358.0
1722949080, +3.52, +29.811,   +15.1, +1232.0,   -12.0,  +284.0
1722949680, +3.52, +29.479,   +14.7, +1164.0,   -32.0,  +424.0
1722950280, +3.52, +29.333,   +13.8, +1180.0,   -32.0,  +416.0
1722950880, +3.52, +29.243,   +12.3, +1176.0,   -32.0,  +414.0
1722951480, +3.52, +29.194,    +9.9, +1222.0,   -16.0,  +335.0
1722952080, +3.52, +29.154,    +9.8, +1233.0,    +3.0,  +264.0
1722952680, +3.52, +29.137,    +8.3, +1232.0,    +0.0,  +280.0
1722953280, +3.52, +29.129,    +8.9, +1224.0,    +0.0,  +300.0
1722953880, +3.52, +29.105,    +7.2, +1232.0,   -16.0,  +268.0
1722954480, +3.52, +29.105,    +6.3, +1235.0,   -16.0,  +259.0
1722955080, +3.52, +29.089,    +5.7, +1232.0,   +12.0,  +272.0
1722955680, +3.52, +29.080,    +5.0, +1233.0,   -12.0,  +278.0
1722956280, +3.52, +29.064,    +4.2, +1232.0,    -8.0,  +280.0
